0,0,3.05548
0,1,-0.672593
0,3,-0.421841
0,5,-0.759045
0,9,-1.20201
1,0,-0.672593
1,1,3.58226
1,2,-0.820889
1,5,-1.39604
1,8,-0.69274
2,1,-0.820889
2,2,3.0233
2,4,-0.761858
2,8,-0.740574
2,10,-0.699976
3,0,-0.421841
3,3,3.34163
3,6,-0.753496
3,9,-0.470983
3,11,-1.69531
4,2,-0.761858
4,4,3.76057
4,7,-1.02182
4,10,-1.60751
4,17,-0.369381
5,0,-0.759045
5,1,-1.39604
5,5,4.31342
5,8,-1.14712
5,9,-1.01122
6,3,-0.753496
6,6,3.44588
6,11,-0.582974
6,12,-0.630678
6,13,-0.911207
6,14,-0.567522
7,4,-1.02182
7,7,3.39194
7,16,-0.575302
7,17,-1.79482
8,1,-0.69274
8,2,-0.740574
8,5,-1.14712
8,8,3.93247
8,10,-1.35203
9,0,-1.20201
9,3,-0.470983
9,5,-1.01122
9,9,3.86314
9,11,-1.17894
10,2,-0.699976
10,4,-1.60751
10,8,-1.35203
10,10,4.19089
10,17,-0.531375
11,3,-1.69531
11,6,-0.582974
11,9,-1.17894
11,11,4.74687
11,14,-1.28965
12,6,-0.630678
12,12,2.90652
12,13,-1.56474
12,15,-0.711093
13,6,-0.911207
13,12,-1.56474
13,13,7.3795
13,14,-1.12444
13,15,-0.599757
13,18,-1.48712
13,19,-1.53206
13,21,-0.160168
14,6,-0.567522
14,11,-1.28965
14,13,-1.12444
14,14,4.07473
14,18,-1.09312
15,12,-0.711093
15,13,-0.599757
15,15,3.62729
15,19,-1.55942
15,20,-0.757018
16,7,-0.575302
16,16,3.74223
16,17,-0.231808
16,24,-1.56575
16,25,-1.22399
16,34,-0.145382
17,4,-0.369381
17,7,-1.79482
17,10,-0.531375
17,16,-0.231808
17,17,4.65749
17,25,-1.73011
18,13,-1.48712
18,14,-1.09312
18,18,4.2953
18,21,-1.71507
19,13,-1.53206
19,15,-1.55942
19,19,7.41282
19,20,-0.405125
19,21,-1.09359
19,22,-1.31219
19,23,-1.51044
20,15,-0.757018
20,19,-0.405125
20,20,3.20809
20,22,-1.41079
20,27,-0.635149
21,13,-0.160168
21,18,-1.71507
21,19,-1.09359
21,21,4.81976
21,23,-0.737489
21,26,-1.11345
22,19,-1.31219
22,20,-1.41079
22,22,7.24169
22,23,-1.44316
22,27,-1.11627
22,28,-0.604729
22,30,-1.35455
23,19,-1.51044
23,21,-0.737489
23,22,-1.44316
23,23,7.40827
23,26,-1.81204
23,28,-1.419
23,29,-0.486147
24,16,-1.56575
24,24,4.48741
24,34,-1.23407
24,35,-1.6876
25,16,-1.22399
25,17,-1.73011
25,25,4.5153
25,34,-1.5612
26,21,-1.11345
26,23,-1.81204
26,26,4.04516
26,29,-1.11967
27,20,-0.635149
27,22,-1.11627
27,27,3.50695
27,30,-1.23628
27,31,-0.519251
28,22,-0.604729
28,23,-1.419
28,28,7.16215
28,29,-1.15422
28,30,-1.69798
28,32,-1.15571
28,33,-1.13052
29,23,-0.486147
29,26,-1.11967
29,28,-1.15422
29,29,3.78283
29,32,-1.02279
30,22,-1.35455
30,27,-1.23628
30,28,-1.69798
30,30,7.34192
30,31,-1.66823
30,33,-1.38489
31,27,-0.519251
31,30,-1.66823
31,31,3.69264
31,33,-0.518111
31,36,-0.987049
32,28,-1.15571
32,29,-1.02279
32,32,3.87181
32,33,-0.436372
32,37,-1.25694
33,28,-1.13052
33,30,-1.38489
33,31,-0.518111
33,32,-0.436372
33,33,7.01841
33,36,-0.814364
33,37,-1.05318
33,38,-1.68097
34,16,-0.145382
34,24,-1.23407
34,25,-1.5612
34,34,4.97344
34,35,-0.37956
34,49,-1.65323
35,24,-1.6876
35,34,-0.37956
35,35,3.67096
35,49,-0.713572
35,53,-0.890231
36,31,-0.987049
36,33,-0.814364
36,36,3.60006
36,38,-0.998652
36,40,-0.799999
37,32,-1.25694
37,33,-1.05318
37,37,3.82451
37,38,-0.50481
37,39,-1.00958
38,33,-1.68097
38,36,-0.998652
38,37,-0.50481
38,38,7.15416
38,39,-1.61143
38,40,-1.1573
38,41,-1.20099
39,37,-1.00958
39,38,-1.61143
39,39,3.83847
39,41,-0.224422
39,42,-0.993037
40,36,-0.799999
40,38,-1.1573
40,40,3.54831
40,41,-0.846404
40,43,-0.744607
41,38,-1.20099
41,39,-0.224422
41,40,-0.846404
41,41,7.29581
41,42,-2.07293
41,43,-1.58578
41,44,-0.395854
41,46,-0.969421
42,39,-0.993037
42,41,-2.07293
42,42,4.04774
42,44,-0.981773
43,40,-0.744607
43,41,-1.58578
43,43,3.71413
43,45,-0.914669
43,46,-0.469072
44,41,-0.395854
44,42,-0.981773
44,44,3.84062
44,46,-1.47763
44,47,-0.98536
45,43,-0.914669
45,45,4.05268
45,46,-2.13701
45,48,-1.00101
46,41,-0.969421
46,43,-0.469072
46,44,-1.47763
46,45,-2.13701
46,46,7.54804
46,47,-1.39311
46,48,-0.902617
46,51,-0.19918
47,44,-0.98536
47,46,-1.39311
47,47,4.18834
47,50,-1.54567
47,51,-0.264201
48,45,-1.00101
48,46,-0.902617
48,48,3.91528
48,51,-1.17069
48,52,-0.840964
49,34,-1.65323
49,35,-0.713572
49,49,4.61939
49,53,-0.390228
49,54,-1.86236
50,47,-1.54567
50,50,3.2411
50,51,-1.69543
51,46,-0.19918
51,47,-0.264201
51,48,-1.17069
51,50,-1.69543
51,51,4.42056
51,52,-1.09105
52,48,-0.840964
52,51,-1.09105
52,52,1.93202
53,35,-0.890231
53,49,-0.390228
53,53,3.51227
53,54,-0.691186
53,56,-1.32521
53,57,-0.215418
54,49,-1.86236
54,53,-0.691186
54,54,4.57081
54,55,-1.28625
54,56,-0.731017
55,54,-1.28625
55,55,4.07712
55,56,-1.69045
55,61,-1.10041
56,53,-1.32521
56,54,-0.731017
56,55,-1.69045
56,56,7.62809
56,57,-2.31484
56,61,-0.919769
56,72,-0.646817
57,53,-0.215418
57,56,-2.31484
57,57,3.78611
57,71,-0.902131
57,72,-0.353722
58,58,2.88563
58,59,-0.421526
58,60,-0.282159
58,63,-0.986747
58,64,-1.1952
59,58,-0.421526
59,59,3.11281
59,62,-0.261158
59,63,-1.57529
59,66,-0.854832
60,58,-0.282159
60,60,2.27102
60,64,-0.955454
60,65,-1.03341
61,55,-1.10041
61,56,-0.919769
61,61,4.02333
61,72,-0.854331
61,74,-1.14881
62,59,-0.261158
62,62,2.7205
62,66,-1.42851
62,70,-1.03083
63,58,-0.986747
63,59,-1.57529
63,63,7.4424
63,64,-1.47259
63,66,-1.58734
63,69,-1.82042
64,58,-1.1952
64,60,-0.955454
64,63,-1.47259
64,64,7.16832
64,65,-1.34478
64,68,-1.47673
64,69,-0.723569
65,60,-1.03341
65,64,-1.34478
65,65,3.95537
65,67,-1.32371
65,68,-0.253473
66,59,-0.854832
66,62,-1.42851
66,63,-1.58734
66,66,7.09777
66,69,-0.13142
66,70,-0.725004
66,75,-1.32685
66,77,-1.04382
67,65,-1.32371
67,67,3.61602
67,68,-1.4763
67,73,-0.816022
68,64,-1.47673
68,65,-0.253473
68,67,-1.4763
68,68,7.29654
68,69,-1.47862
68,73,-1.35777
68,76,-1.25366
69,63,-1.82042
69,64,-0.723569
69,66,-0.13142
69,68,-1.47862
69,69,7.60137
69,75,-1.99866
69,76,-1.44868
70,62,-1.03083
70,66,-0.725004
70,70,3.73135
70,77,-0.918086
70,78,-1.05743
71,57,-0.902131
71,71,4.02362
71,72,-2.02067
71,89,-1.10082
72,56,-0.646817
72,57,-0.353722
72,61,-0.854331
72,71,-2.02067
72,72,7.25549
72,74,-1.56887
72,89,-0.496567
72,96,-0.226577
72,110,-1.08794
73,67,-0.816022
73,68,-1.35777
73,73,3.79061
73,76,-0.423858
73,79,-1.19296
74,61,-1.14881
74,72,-1.56887
74,74,4.18187
74,96,-1.46419
75,66,-1.32685
75,69,-1.99866
75,75,7.43234
75,76,-0.297988
75,77,-1.28651
75,80,-1.83245
75,84,-0.689879
76,68,-1.25366
76,69,-1.44868
76,73,-0.423858
76,75,-0.297988
76,76,7.11744
76,79,-1.51861
76,80,-1.4027
76,82,-0.771943
77,66,-1.04382
77,70,-0.918086
77,75,-1.28651
77,77,7.13764
77,78,-0.762827
77,83,-1.42312
77,84,-1.62557
77,92,-0.0777169
78,70,-1.05743
78,77,-0.762827
78,78,3.04581
78,83,-1.22556
79,73,-1.19296
79,76,-1.51861
79,79,3.30478
79,82,-0.593209
80,75,-1.83245
80,76,-1.4027
80,80,7.42766
80,82,-1.822
80,84,-1.31645
80,93,-1.05406
81,81,2.34157
81,87,-0.521659
81,94,-1.18625
81,105,-0.633658
82,76,-0.771943
82,79,-0.593209
82,80,-1.822
82,82,3.6073
82,93,-0.420147
83,77,-1.42312
83,78,-1.22556
83,83,4.35617
83,92,-1.70748
84,75,-0.689879
84,77,-1.62557
84,80,-1.31645
84,84,7.12773
84,92,-0.868991
84,93,-1.15127
84,100,-1.47558
85,85,2.89549
85,86,-1.44086
85,91,-1.05979
85,97,-0.394847
86,85,-1.44086
86,86,4.22514
86,88,-1.3075
86,97,-1.47679
87,81,-0.521659
87,87,3.41181
87,98,-1.20585
87,105,-1.6843
88,86,-1.3075
88,88,3.69057
88,90,-0.82448
88,97,-0.49259
88,99,-1.066
89,71,-1.10082
89,72,-0.496567
89,89,3.87765
89,110,-1.13354
89,116,-1.14673
90,88,-0.82448
90,90,3.5853
90,95,-0.88393
90,99,-1.2236
90,103,-0.653298
91,85,-1.05979
91,91,3.71235
91,97,-1.02481
91,104,-0.937248
91,109,-0.690505
92,77,-0.0777169
92,83,-1.70748
92,84,-0.868991
92,92,5.97222
92,100,-1.69158
92,102,-1.62645
93,80,-1.05406
93,82,-0.420147
93,84,-1.15127
93,93,5.10514
93,100,-0.842631
93,108,-0.470972
93,113,-1.16607
94,81,-1.18625
94,94,4.22754
94,105,-1.51828
94,106,-1.52301
95,90,-0.88393
95,95,3.03539
95,101,-0.977695
95,103,-1.17376
96,72,-0.226577
96,74,-1.46419
96,96,4.10076
96,110,-1.11021
96,123,-1.29978
97,85,-0.394847
97,86,-1.47679
97,88,-0.49259
97,91,-1.02481
97,97,7.37533
97,99,-1.87425
97,109,-1.68022
97,111,-0.431827
98,87,-1.20585
98,98,3.70887
98,105,-0.319557
98,108,-0.868443
98,117,-0.668349
98,119,-0.646671
99,88,-1.066
99,90,-1.2236
99,97,-1.87425
99,99,7.51749
99,103,-1.8789
99,111,-1.47473
100,84,-1.47558
100,92,-1.69158
100,93,-0.842631
100,100,7.27497
100,102,-0.282082
100,113,-1.57803
100,114,-1.40508
101,95,-0.977695
101,101,3.72244
101,103,-0.936781
101,107,-1.10679
101,112,-0.701176
102,92,-1.62645
102,100,-0.282082
102,102,4.60531
102,107,-1.8254
102,114,-0.871383
103,90,-0.653298
103,95,-1.17376
103,99,-1.8789
103,101,-0.936781
103,103,7.34446
103,111,-0.767375
103,112,-1.93434
104,91,-0.937248
104,104,2.88851
104,109,-0.871037
104,115,-1.08022
105,81,-0.633658
105,87,-1.6843
105,94,-1.51828
105,98,-0.319557
105,105,7.33147
105,106,-0.335144
105,117,-1.64814
105,121,-1.19239
106,94,-1.52301
106,105,-0.335144
106,106,3.62683
106,118,-1.50202
106,121,-0.266657
107,101,-1.10679
107,102,-1.8254
107,107,6.43537
107,112,-1.24739
107,114,-0.772813
107,120,-1.48297
108,93,-0.470972
108,98,-0.868443
108,108,5.27682
108,113,-1.12993
108,119,-1.64926
108,125,-1.15822
109,91,-0.690505
109,97,-1.68022
109,104,-0.871037
109,109,7.17642
109,111,-1.37542
109,115,-1.03829
109,124,-1.52095
110,72,-1.08794
110,89,-1.13354
110,96,-1.11021
110,110,7.21649
110,116,-1.4916
110,123,-1.26434
110,145,-1.12887
111,97,-0.431827
111,99,-1.47473
111,103,-0.767375
111,109,-1.37542
111,111,7.19994
111,112,-0.759595
111,122,-1.6703
111,124,-0.720698
112,101,-0.701176
112,103,-1.93434
112,107,-1.24739
112,111,-0.759595
112,112,7.25535
112,120,-1.12936
112,122,-1.48349
113,93,-1.16607
113,100,-1.57803
113,108,-1.12993
113,113,7.03387
113,114,-0.774932
113,125,-1.07238
113,127,-1.31254
114,100,-1.40508
114,102,-0.871383
114,107,-0.772813
114,113,-0.774932
114,114,6.88402
114,120,-1.05854
114,127,-0.912116
114,129,-1.08916
115,104,-1.08022
115,109,-1.03829
115,115,3.92342
115,124,-0.461747
115,126,-1.34316
116,89,-1.14673
116,110,-1.4916
116,116,4.22554
116,137,-1.21701
116,145,-0.370199
117,98,-0.668349
117,105,-1.64814
117,117,7.84118
117,119,-2.54696
117,121,-1.92163
117,134,-1.0561
118,106,-1.50202
118,118,4.21098
118,121,-1.53495
118,128,-1.17401
119,98,-0.646671
119,108,-1.64926
119,117,-2.54696
119,119,7.73383
119,125,-1.05321
119,132,-1.73726
119,134,-0.100483
120,107,-1.48297
120,112,-1.12936
120,114,-1.05854
120,120,7.08081
120,122,-0.985132
120,129,-1.1416
120,131,-1.28321
121,105,-1.19239
121,106,-0.266657
121,117,-1.92163
121,118,-1.53495
121,121,7.43621
121,128,-0.192661
121,133,-1.5637
121,134,-0.110233
121,136,-0.653984
122,111,-1.6703
122,112,-1.48349
122,120,-0.985132
122,122,7.28922
122,124,-0.51235
122,130,-1.69223
122,131,-0.945719
123,96,-1.29978
123,110,-1.26434
123,123,4.5098
123,140,-1.86125
123,145,-0.0844193
124,109,-1.52095
124,111,-0.720698
124,115,-0.461747
124,122,-0.51235
124,124,7.08999
124,126,-1.33704
124,130,-1.64634
124,139,-0.890863
125,108,-1.15822
125,113,-1.07238
125,119,-1.05321
125,125,6.98417
125,127,-1.20094
125,132,-0.96068
125,135,-1.53874
126,115,-1.34316
126,124,-1.33704
126,126,3.0216
126,139,-0.341404
127,113,-1.31254
127,114,-0.912116
127,125,-1.20094
127,127,6.98401
127,129,-1.44858
127,135,-0.909512
127,138,-1.20032
128,118,-1.17401
128,121,-0.192661
128,128,2.61808
128,133,-1.25141
129,114,-1.08916
129,120,-1.1416
129,127,-1.44858
129,129,6.97265
129,131,-1.13851
129,138,-0.914716
129,142,-1.24009
130,122,-1.69223
130,124,-1.64634
130,130,7.42632
130,131,-1.20486
130,139,-0.510421
130,141,-1.87314
130,144,-0.499322
131,120,-1.28321
131,122,-0.945719
131,129,-1.13851
131,130,-1.20486
131,131,6.96907
131,142,-1.15295
131,144,-1.24382
132,119,-1.73726
132,125,-0.96068
132,132,5.63381
132,134,-1.42581
132,135,-0.694473
132,143,-0.815586
133,121,-1.5637
133,128,-1.25141
133,133,4.12383
133,136,-1.30872
134,117,-1.0561
134,119,-0.100483
134,121,-0.110233
134,132,-1.42581
134,134,4.29335
134,136,-1.60072
135,125,-1.53874
135,127,-0.909512
135,132,-0.694473
135,135,7.05877
135,138,-1.10624
135,143,-1.34448
135,146,-1.46533
136,121,-0.653984
136,133,-1.30872
136,134,-1.60072
136,136,3.56342
137,116,-1.21701
137,137,4.06971
137,145,-1.67336
137,155,-1.17933
138,127,-1.20032
138,129,-0.914716
138,135,-1.10624
138,138,6.95762
138,142,-1.20024
138,146,-1.2538
138,147,-1.2823
139,124,-0.890863
139,126,-0.341404
139,130,-0.510421
139,139,2.85382
139,141,-1.11114
140,123,-1.86125
140,140,4.35343
140,145,-1.24025
140,157,-1.25193
141,130,-1.87314
141,139,-1.11114
141,141,4.01267
141,144,-1.02839
142,129,-1.24009
142,131,-1.15295
142,138,-1.20024
142,142,7.00348
142,144,-0.825794
142,147,-1.00176
142,149,-1.58264
143,132,-0.815586
143,135,-1.34448
143,143,3.6627
143,146,-0.506161
143,148,-0.996477
144,130,-0.499322
144,131,-1.24382
144,141,-1.02839
144,142,-0.825794
144,144,5.18398
144,149,-1.32988
144,152,-0.256776
145,110,-1.12887
145,116,-0.370199
145,123,-0.0844193
145,137,-1.67336
145,140,-1.24025
145,145,7.02135
145,155,-0.262476
145,157,-0.545878
145,170,-1.35845
145,173,-0.357449
146,135,-1.46533
146,138,-1.2538
146,143,-0.506161
146,146,7.23311
146,147,-0.819865
146,148,-1.25727
146,150,-1.93068
147,138,-1.2823
147,142,-1.00176
147,146,-0.819865
147,147,6.94427
147,149,-0.967119
147,150,-0.454993
147,156,-1.67964
147,159,-0.738583
148,143,-0.996477
148,146,-1.25727
148,148,3.77814
148,150,-0.455201
148,151,-1.06919
149,142,-1.58264
149,144,-1.32988
149,147,-0.967119
149,149,7.41189
149,152,-1.63725
149,159,-1.89501
150,146,-1.93068
150,147,-0.454993
150,148,-0.455201
150,150,7.50545
150,151,-1.72722
150,156,-1.59625
150,161,-1.34111
151,148,-1.06919
151,150,-1.72722
151,151,4.86652
151,160,-1.69407
151,161,-0.376039
152,144,-0.256776
152,149,-1.63725
152,152,4.22317
152,159,-0.276869
152,167,-1.7284
152,168,-0.323875
153,153,3.63717
153,154,-1.07023
153,158,-1.18671
153,174,-1.38023
154,153,-1.07023
154,154,3.73696
154,155,-0.973562
154,174,-0.580567
154,182,-1.11261
155,137,-1.17933
155,145,-0.262476
155,154,-0.973562
155,155,5.95953
155,173,-2.75006
155,182,-0.794098
156,147,-1.67964
156,150,-1.59625
156,156,7.47937
156,159,-1.00921
156,161,-1.47463
156,165,-1.71964
157,140,-1.25193
157,145,-0.545878
157,157,3.81879
157,170,-1.0989
157,185,-0.922078
158,153,-1.18671
158,158,3.81565
158,162,-0.96507
158,174,-0.495583
158,175,-1.16829
159,147,-0.738583
159,149,-1.89501
159,152,-0.276869
159,156,-1.00921
159,159,7.09574
159,165,-1.24252
159,167,-0.89885
159,177,-1.03471
160,151,-1.69407
160,160,4.46102
160,161,-1.00847
160,164,-1.55608
160,166,-0.2024
161,150,-1.34111
161,151,-0.376039
161,156,-1.47463
161,160,-1.00847
161,161,7.14213
161,165,-0.214073
161,166,-1.36055
161,169,-1.36725
162,158,-0.96507
162,162,3.62518
162,163,-0.736351
162,171,-1.1582
162,175,-0.765551
163,162,-0.736351
163,163,3.76856
163,164,-1.20186
163,171,-1.43525
163,179,-0.395094
164,160,-1.55608
164,163,-1.20186
164,164,6.56941
164,166,-2.66556
164,179,-1.14591
165,156,-1.71964
165,159,-1.24252
165,161,-0.214073
165,165,7.46324
165,169,-2.16541
165,177,-1.28132
165,186,-0.840282
166,160,-0.2024
166,161,-1.36055
166,164,-2.66556
166,166,7.74692
166,169,-1.71698
166,179,-0.715385
166,183,-1.08605
167,152,-1.7284
167,159,-0.89885
167,167,7.63618
167,168,-1.64341
167,177,-2.18662
167,193,-1.1789
168,152,-0.323875
168,167,-1.64341
168,168,3.54976
168,191,-0.520151
168,193,-1.06232
169,161,-1.36725
169,165,-2.16541
169,166,-1.71698
169,169,7.64674
169,183,-1.41819
169,186,-0.978919
170,145,-1.35845
170,157,-1.0989
170,170,7.18721
170,173,-1.73693
170,185,-1.35734
170,208,-0.782167
170,228,-0.853419
171,162,-1.1582
171,163,-1.43525
171,171,7.38182
171,175,-1.53706
171,179,-1.77082
171,189,-1.48048
172,172,3.17053
172,176,-0.77089
172,178,-1.13613
172,188,-1.26352
173,145,-0.357449
173,155,-2.75006
173,170,-1.73693
173,173,7.88413
173,182,-0.633618
173,208,-1.678
173,209,-0.728077
174,153,-1.38023
174,154,-0.580567
174,158,-0.495583
174,174,7.03483
174,175,-1.31334
174,182,-1.22391
174,194,-0.626142
174,200,-1.41506
175,158,-1.16829
175,162,-0.765551
175,171,-1.53706
175,174,-1.31334
175,175,7.17328
175,189,-0.804734
175,194,-1.5843
176,172,-0.77089
176,176,3.68361
176,181,-0.965338
176,188,-1.36544
176,197,-0.581949
177,159,-1.03471
177,165,-1.28132
177,167,-2.18662
177,177,7.45546
177,186,-1.39562
177,193,-0.193458
177,206,-1.36373
178,172,-1.13613
178,178,3.88343
178,180,-1.17438
178,187,-0.192711
178,188,-0.252124
178,192,-1.12808
179,163,-0.395094
179,164,-1.14591
179,166,-0.715385
179,171,-1.77082
179,179,7.15887
179,183,-1.57618
179,189,-0.567839
179,199,-0.987646
180,178,-1.17438
180,180,2.57214
180,187,-1.39776
181,176,-0.965338
181,181,2.99002
181,197,-1.78487
181,203,-0.239806
182,154,-1.11261
182,155,-0.794098
182,173,-0.633618
182,174,-1.22391
182,182,6.97589
182,200,-0.737066
182,209,-1.69792
182,218,-0.77667
183,166,-1.08605
183,169,-1.41819
183,179,-1.57618
183,183,7.20114
183,186,-0.870172
183,199,-0.748601
183,202,-1.50195
184,184,2.33717
184,190,-0.912476
184,198,-0.551402
184,205,-0.873296
185,157,-0.922078
185,170,-1.35734
185,185,4.69265
185,210,-0.997397
185,228,-0.921053
185,249,-0.494777
186,165,-0.840282
186,169,-0.978919
186,177,-1.39562
186,183,-0.870172
186,186,6.96799
186,202,-1.28388
186,206,-0.762293
186,222,-0.836824
187,178,-0.192711
187,180,-1.39776
187,187,4.09826
187,192,-1.46315
187,196,-1.04463
188,172,-1.26352
188,176,-1.36544
188,178,-0.252124
188,188,7.43678
188,192,-1.76964
188,197,-0.92559
188,201,-1.86048
189,171,-1.48048
189,175,-0.804734
189,179,-0.567839
189,189,7.1407
189,194,-1.44889
189,199,-1.56878
189,214,-1.26997
190,184,-0.912476
190,190,3.75277
190,195,-1.13085
190,205,-1.18437
190,215,-0.525065
191,168,-0.520151
191,191,2.51529
191,193,-1.47743
191,220,-0.517709
192,178,-1.12808
192,187,-1.46315
192,188,-1.76964
192,192,7.24095
192,196,-0.949818
192,201,-0.755094
192,204,-1.17517
193,167,-1.1789
193,168,-1.06232
193,177,-0.193458
193,191,-1.47743
193,193,7.12682
193,206,-1.62817
193,220,-1.14402
193,233,-0.442514
194,174,-0.626142
194,175,-1.5843
194,189,-1.44889
194,194,7.28096
194,200,-1.31037
194,214,-0.553939
194,216,-1.75732
195,190,-1.13085
195,195,2.95621
195,215,-1.4408
195,224,-0.384558
196,187,-1.04463
196,192,-0.949818
196,196,2.83425
196,204,-0.839804
197,176,-0.581949
197,181,-1.78487
197,188,-0.92559
197,197,7.25738
197,201,-0.321104
197,203,-0.680731
197,211,-1.66309
197,217,-1.30004
198,184,-0.551402
198,198,3.53721
198,205,-1.31888
198,207,-0.401618
198,212,-1.26531
199,179,-0.987646
199,183,-0.748601
199,189,-1.56878
199,199,7.12546
199,202,-1.59179
199,214,-1.22972
199,230,-0.998933
200,174,-1.41506
200,182,-0.737066
200,194,-1.31037
200,200,7.20531
200,216,-0.934227
200,218,-1.75588
200,231,-1.0527
201,188,-1.86048
201,192,-0.755094
201,197,-0.321104
201,201,7.57597
201,204,-0.705644
201,211,-1.92488
201,213,-1.85235
201,221,-0.156423
202,183,-1.50195
202,186,-1.28388
202,199,-1.59179
202,202,7.37907
202,222,-1.64935
202,230,-1.3521
203,181,-0.239806
203,197,-0.680731
203,203,2.53095
203,217,-1.59381
203,236,-0.0166076
204,192,-1.17517
204,196,-0.839804
204,201,-0.705644
204,204,3.67785
204,213,-0.957237
205,184,-0.873296
205,190,-1.18437
205,198,-1.31888
205,205,7.1392
205,212,-1.06651
205,215,-1.15313
205,223,-1.54302
206,177,-1.36373
206,186,-0.762293
206,193,-1.62817
206,206,7.10959
206,222,-1.51221
206,233,-1.00661
206,254,-0.836566
207,198,-0.401618
207,207,3.37319
207,212,-1.73318
207,219,-1.23839
208,170,-0.782167
208,173,-1.678
208,208,7.27186
208,209,-1.28412
208,228,-1.39028
208,242,-0.472294
208,253,-1.665
209,173,-0.728077
209,182,-1.69792
209,208,-1.28412
209,209,7.29211
209,218,-1.16293
209,240,-0.702188
209,242,-1.71687
210,185,-0.997397
210,210,4.00294
210,238,-1.01398
210,249,-1.99156
211,197,-1.66309
211,201,-1.92488
211,211,7.65822
211,217,-0.750221
211,221,-1.31192
211,226,-2.00811
212,198,-1.26531
212,205,-1.06651
212,207,-1.73318
212,212,7.26261
212,219,-0.245776
212,223,-1.25206
212,227,-1.69978
213,201,-1.85235
213,204,-0.957237
213,213,5.32375
213,221,-1.71447
213,225,-0.799692
214,189,-1.26997
214,194,-0.553939
214,199,-1.22972
214,214,7.14445
214,216,-1.57639
214,230,-0.577357
214,246,-0.261894
214,247,-1.67518
215,190,-0.525065
215,195,-1.4408
215,205,-1.15313
215,215,7.01418
215,223,-1.11585
215,224,-0.756179
215,243,-1.39793
215,244,-0.625229
216,194,-1.75732
216,200,-0.934227
216,214,-1.57639
216,216,7.39957
216,231,-1.51672
216,246,-1.61491
217,197,-1.30004
217,203,-1.59381
217,211,-0.750221
217,217,7.36085
217,226,-1.3427
217,236,-1.76991
217,239,-0.604174
218,182,-0.77667
218,200,-1.75588
218,209,-1.16293
218,218,7.3138
218,231,-1.1205
218,240,-1.87429
218,252,-0.623535
219,207,-1.23839
219,212,-0.245776
219,219,3.91574
219,227,-1.37202
219,229,-1.05955
220,191,-0.517709
220,193,-1.14402
220,220,3.11571
220,233,-1.45398
221,201,-0.156423
221,211,-1.31192
221,213,-1.71447
221,221,7.3728
221,225,-1.36621
221,226,-0.682561
221,234,-1.73373
221,241,-0.407493
222,186,-0.836824
222,202,-1.64935
222,206,-1.51221
222,222,7.21628
222,230,-0.786704
222,254,-0.882478
222,264,-1.54871
223,205,-1.54302
223,212,-1.25206
223,215,-1.11585
223,223,7.16503
223,227,-0.719905
223,237,-1.37015
223,244,-1.16406
224,195,-0.384558
224,215,-0.756179
224,224,3.01831
224,243,-0.647809
224,245,-1.22976
225,213,-0.799692
225,221,-1.36621
225,225,3.77438
225,235,-1.08008
225,241,-0.528393
226,211,-2.00811
226,217,-1.3427
226,221,-0.682561
226,226,7.64238
226,234,-1.80926
226,239,-1.79976
227,212,-1.69978
227,219,-1.37202
227,223,-0.719905
227,227,7.17507
227,229,-0.966686
227,237,-1.5621
227,248,-0.854584
228,170,-0.853419
228,185,-0.921053
228,208,-1.39028
228,228,6.88851
228,249,-1.30263
228,253,-0.8739
228,283,-0.825416
228,287,-0.721812
229,219,-1.05955
229,227,-0.966686
229,229,4.82742
229,232,-0.774384
229,248,-1.40984
229,250,-0.61696
230,199,-0.998933
230,202,-1.3521
230,214,-0.577357
230,222,-0.786704
230,230,7.07945
230,247,-1.67066
230,264,-1.09575
230,278,-0.597952
231,200,-1.0527
231,216,-1.51672
231,218,-1.1205
231,231,7.21451
231,246,-0.524448
231,252,-1.36342
231,255,-1.63673
232,229,-0.774384
232,232,4.06691
232,235,-0.913881
232,250,-2.37864
233,193,-0.442514
233,206,-1.00661
233,220,-1.45398
233,233,3.98323
233,254,-1.08012
234,221,-1.73373
234,226,-1.80926
234,234,7.66961
234,239,-0.513045
234,241,-1.5552
234,251,-2.05838
235,225,-1.08008
235,232,-0.913881
235,235,5.61154
235,241,-1.84489
235,250,-0.472307
235,257,-1.30039
236,203,-0.0166076
236,217,-1.76991
236,236,3.50047
236,239,-0.846772
236,256,-0.867181
237,223,-1.37015
237,227,-1.5621
237,237,7.37766
237,244,-1.41755
237,248,-1.69653
237,261,-1.33133
238,210,-1.01398
238,238,3.17018
238,249,-0.411758
238,286,-0.844625
238,291,-0.899816
239,217,-0.604174
239,226,-1.79976
239,234,-0.513045
239,236,-0.846772
239,239,7.1019
239,251,-0.872077
239,256,-1.30614
239,258,-1.15993
240,209,-0.702188
240,218,-1.87429
240,240,7.38087
240,242,-1.41472
240,252,-0.676583
240,260,-1.43172
240,266,-1.28137
241,221,-0.407493
241,225,-0.528393
241,234,-1.5552
241,235,-1.84489
241,241,7.13563
241,251,-0.913725
241,257,-0.984867
241,259,-0.901071
242,208,-0.472294
242,209,-1.71687
242,240,-1.41472
242,242,7.43687
242,253,-1.53693
242,266,-0.580974
242,272,-1.71508
243,215,-1.39793
243,224,-0.647809
243,243,7.40293
243,244,-1.93286
243,245,-1.6359
243,265,-0.651321
243,275,-1.13711
244,215,-0.625229
244,223,-1.16406
244,237,-1.41755
244,243,-1.93286
244,244,7.29268
244,261,-1.23679
244,275,-0.916178
245,224,-1.22976
245,243,-1.6359
245,245,4.08116
245,265,-1.21551
246,214,-0.261894
246,216,-1.61491
246,231,-0.524448
246,246,7.13218
246,247,-1.48464
246,255,-1.41915
246,269,-0.906997
246,271,-0.920146
247,214,-1.67518
247,230,-1.67066
247,246,-1.48464
247,247,7.41766
247,271,-1.07445
247,278,-1.51273
248,227,-0.854584
248,229,-1.40984
248,237,-1.69653
248,248,7.31133
248,250,-0.927982
248,261,-0.531714
248,263,-1.89068
249,185,-0.494777
249,210,-1.99156
249,228,-1.30263
249,238,-0.411758
249,249,7.49845
249,283,-1.84416
249,291,-1.45357
250,229,-0.61696
250,232,-2.37864
250,235,-0.472307
250,248,-0.927982
250,250,7.49202
250,257,-0.517069
250,262,-1.88671
250,263,-0.692346
251,234,-2.05838
251,239,-0.872077
251,241,-0.913725
251,251,7.63961
251,258,-2.00209
251,259,-1.79334
252,218,-0.623535
252,231,-1.36342
252,240,-0.676583
252,252,7.16807
252,255,-1.18672
252,260,-1.62342
252,268,-0.160184
252,270,-1.13146
252,273,-0.402751
253,208,-1.665
253,228,-0.8739
253,242,-1.53693
253,253,7.42257
253,272,-0.250707
253,285,-1.78086
253,287,-1.31517
254,206,-0.836566
254,222,-0.882478
254,233,-1.08012
254,254,3.1809
254,264,-0.381743
255,231,-1.63673
255,246,-1.41915
255,252,-1.18672
255,255,7.57706
255,268,-2.1681
255,269,-1.16636
256,236,-0.867181
256,239,-1.30614
256,256,3.7493
256,258,-0.443787
256,267,-1.13219
257,235,-1.30039
257,241,-0.984867
257,250,-0.517069
257,257,7.03152
257,259,-1.59579
257,262,-1.34274
257,277,-0.770671
257,279,-0.519993
258,239,-1.15993
258,251,-2.00209
258,256,-0.443787
258,258,7.45373
258,259,-0.413689
258,267,-1.14642
258,274,-1.9424
258,276,-0.3454
259,241,-0.901071
259,251,-1.79334
259,257,-1.59579
259,258,-0.413689
259,259,7.32669
259,276,-1.64316
259,279,-0.979642
260,240,-1.43172
260,252,-1.62342
260,260,7.49701
260,266,-1.57489
260,273,-1.7809
260,282,-1.08608
261,237,-1.33133
261,244,-1.23679
261,248,-0.531714
261,261,4.50446
261,263,-0.788544
261,275,-0.344114
261,280,-0.271966
262,250,-1.88671
262,257,-1.34274
262,262,7.40325
262,263,-1.12127
262,277,-1.73521
262,281,-1.31731
263,248,-1.89068
263,250,-0.692346
263,261,-0.788544
263,262,-1.12127
263,263,7.48725
263,280,-2.31161
263,281,-0.682794
264,222,-1.54871
264,230,-1.09575
264,254,-0.381743
264,264,3.53526
264,278,-0.509063
265,243,-0.651321
265,245,-1.21551
265,265,2.27871
265,275,-0.41188
266,240,-1.28137
266,242,-0.580974
266,260,-1.57489
266,266,7.26294
266,272,-1.69417
266,282,-0.966206
266,290,-1.16533
267,256,-1.13219
267,258,-1.14642
267,267,4.53206
267,274,-1.0665
267,284,-1.23186
267,292,0.0449041
268,252,-0.160184
268,255,-2.1681
268,268,4.82293
268,269,-0.617023
268,270,-1.87762
269,246,-0.906997
269,255,-1.16636
269,268,-0.617023
269,269,3.63711
269,271,-0.946728
270,252,-1.13146
270,268,-1.87762
270,270,4.69815
270,273,-1.68907
271,246,-0.920146
271,247,-1.07445
271,269,-0.946728
271,271,3.56505
271,278,-0.623719
272,242,-1.71508
272,253,-0.250707
272,266,-1.69417
272,272,7.44547
272,285,-1.64482
272,290,-0.938994
272,301,-1.2017
273,252,-0.402751
273,260,-1.7809
273,270,-1.68907
273,273,5.82483
273,282,-1.19391
273,289,-0.758197
274,258,-1.9424
274,267,-1.0665
274,274,7.5123
274,276,-1.92569
274,284,-1.62878
274,288,-0.948933
275,243,-1.13711
275,244,-0.916178
275,261,-0.344114
275,265,-0.41188
275,275,2.80929
276,258,-0.3454
276,259,-1.64316
276,274,-1.92569
276,276,7.60806
276,279,-1.92727
276,288,-1.36854
276,295,-0.397991
277,257,-0.770671
277,262,-1.73521
277,277,7.57731
277,279,-2.15636
277,281,-1.21424
277,294,-1.70083
278,230,-0.597952
278,247,-1.51273
278,264,-0.509063
278,271,-0.623719
278,278,3.24346
279,257,-0.519993
279,259,-0.979642
279,276,-1.92727
279,277,-2.15636
279,279,7.47237
279,294,-0.65264
279,295,-1.23645
280,261,-0.271966
280,263,-2.31161
280,280,5.43633
280,281,-0.888357
280,293,-1.72159
280,297,-0.242813
281,262,-1.31731
281,263,-0.682794
281,277,-1.21424
281,280,-0.888357
281,281,7.09404
281,293,-1.33732
281,294,-0.210569
281,296,-1.44345
282,260,-1.08608
282,266,-0.966206
282,273,-1.19391
282,282,7.02187
282,289,-1.13231
282,290,-1.49427
282,302,-1.1491
283,228,-0.825416
283,249,-1.84416
283,283,7.34645
283,287,-1.30868
283,291,-0.520513
283,315,-1.39321
283,318,-1.45447
284,267,-1.23186
284,274,-1.62878
284,284,7.58042
284,288,-1.49513
284,292,-2.08224
284,300,-1.14241
285,253,-1.78086
285,272,-1.64482
285,285,7.56546
285,287,-0.947419
285,301,-1.24916
285,311,-1.94321
286,238,-0.844625
286,286,3.62944
286,291,-0.718841
286,319,-1.42281
286,320,-0.643159
287,228,-0.721812
287,253,-1.31517
287,283,-1.30868
287,285,-0.947419
287,287,6.98969
287,311,-0.703817
287,315,-1.09967
287,328,-0.893121
288,274,-0.948933
288,276,-1.36854
288,284,-1.49513
288,288,7.37243
288,295,-1.30387
288,300,-0.244988
288,303,-2.01097
289,273,-0.758197
289,282,-1.13231
289,289,4.55902
289,299,-1.53869
289,302,-1.12982
290,266,-1.16533
290,272,-0.938994
290,282,-1.49427
290,290,7.03122
290,301,-1.14056
290,302,-1.01503
290,312,-1.27704
291,238,-0.899816
291,249,-1.45357
291,283,-0.520513
291,286,-0.718841
291,291,6.96624
291,318,-1.01958
291,319,-1.48535
291,331,-0.868569
292,267,0.0449041
292,284,-2.08224
292,292,5.08424
292,298,-1.24622
292,300,-1.80068
293,280,-1.72159
293,281,-1.33732
293,293,7.30298
293,296,-1.36459
293,297,-1.31709
293,305,-1.5624
294,277,-1.70083
294,279,-0.65264
294,281,-0.210569
294,294,7.4043
294,295,-1.29621
294,296,-2.0554
294,309,-1.37596
294,310,-0.112689
295,276,-0.397991
295,279,-1.23645
295,288,-1.30387
295,294,-1.29621
295,295,6.93494
295,303,-0.957076
295,309,-0.897771
295,313,-0.845561
296,281,-1.44345
296,293,-1.36459
296,294,-2.0554
296,296,7.60123
296,305,-0.846008
296,310,-1.89178
297,280,-0.242813
297,293,-1.31709
297,297,4.56215
297,304,-0.888692
297,305,-1.08395
297,314,-1.0296
298,292,-1.24622
298,298,4.38643
298,300,-1.00753
298,306,-1.54979
298,316,-0.141178
298,327,-0.441704
299,289,-1.53869
299,299,4.15701
299,302,-0.694898
299,308,-1.22936
299,317,-0.694063
300,284,-1.14241
300,288,-0.244988
300,292,-1.80068
300,298,-1.00753
300,300,7.93244
300,303,-1.71852
300,316,-2.01831
301,272,-1.2017
301,285,-1.24916
301,290,-1.14056
301,301,7.09535
301,311,-0.612762
301,312,-1.35689
301,326,-1.53428
302,282,-1.1491
302,289,-1.12982
302,290,-1.01503
302,299,-0.694898
302,302,6.86634
302,312,-0.805571
302,317,-1.02015
302,324,-1.05179
303,288,-2.01097
303,295,-0.957076
303,300,-1.71852
303,303,7.55059
303,313,-1.85144
303,316,-1.01259
304,297,-0.888692
304,304,3.62278
304,307,-0.833112
304,314,-1.16748
304,325,-0.733493
305,293,-1.5624
305,296,-0.846008
305,297,-1.08395
305,305,7.02403
305,310,-1.05645
305,314,-1.15753
305,322,-1.31769
306,298,-1.54979
306,306,4.2624
306,321,-1.23775
306,327,-1.47487
307,304,-0.833112
307,307,3.03973
307,325,-1.69453
307,329,-0.512091
308,299,-1.22936
308,308,4.07144
308,317,-1.77816
308,323,-1.06392
309,294,-1.37596
309,295,-0.897771
309,309,7.28324
309,310,-2.05549
309,313,-1.43555
309,330,-0.43332
309,332,-1.08514
310,294,-0.112689
310,296,-1.89178
310,305,-1.05645
310,309,-2.05549
310,310,7.58677
310,322,-1.52004
310,330,-0.950313
311,285,-1.94321
311,287,-0.703817
311,301,-0.612762
311,311,7.37909
311,326,-1.1805
311,328,-1.13324
311,336,-1.80557
312,290,-1.27704
312,301,-1.35689
312,302,-0.805571
312,312,7.18585
312,324,-1.83382
312,326,-1.25956
312,340,-0.652966
313,295,-0.845561
313,303,-1.85144
313,309,-1.43555
313,313,7.20028
313,316,-1.05186
313,332,-0.801093
313,333,-1.21477
314,297,-1.0296
314,304,-1.16748
314,305,-1.15753
314,314,7.15582
314,322,-1.49618
314,325,-1.51833
314,334,-0.786698
315,283,-1.39321
315,287,-1.09967
315,315,7.21746
315,318,-1.14496
315,328,-1.11421
315,337,-1.61725
315,338,-0.848153
316,298,-0.141178
316,300,-2.01831
316,303,-1.01259
316,313,-1.05186
316,316,7.86528
316,327,-2.31609
316,333,-1.32526
317,299,-0.694063
317,302,-1.02015
317,308,-1.77816
317,317,7.63234
317,323,-0.929061
317,324,-2.22144
317,342,-0.989471
318,283,-1.45447
318,291,-1.01958
318,315,-1.14496
318,318,7.34309
318,331,-1.82493
318,338,-1.45599
318,348,-0.443162
319,286,-1.42281
319,291,-1.48535
319,319,7.13365
319,320,-0.904177
319,331,-1.03958
319,339,-1.48853
319,352,-0.793188
320,286,-0.643159
320,319,-0.904177
320,320,4.83058
320,321,-0.546542
320,339,-1.60547
320,341,-1.13122
321,306,-1.23775
321,320,-0.546542
321,321,4.40648
321,327,-0.329845
321,341,-1.19435
321,343,-1.098
322,305,-1.31769
322,310,-1.52004
322,314,-1.49618
322,322,7.43238
322,330,-1.45667
322,334,-1.6418
323,308,-1.06392
323,317,-0.929061
323,323,4.04767
323,335,-1.35376
323,342,-0.700927
324,302,-1.05179
324,312,-1.83382
324,317,-2.22144
324,324,7.70193
324,340,-1.67287
324,342,-0.92201
325,304,-0.733493
325,307,-1.69453
325,314,-1.51833
325,325,7.38466
325,329,-0.508828
325,334,-1.05401
325,344,-1.87547
326,301,-1.53428
326,311,-1.1805
326,312,-1.25956
326,326,7.27217
326,336,-0.363256
326,340,-1.04459
326,345,-1.88998
327,298,-0.441704
327,306,-1.47487
327,316,-2.31609
327,321,-0.329845
327,327,7.54356
327,333,-0.320513
327,343,-1.78901
327,351,-0.871528
328,287,-0.893121
328,311,-1.13324
328,315,-1.11421
328,328,7.08247
328,336,-1.2335
328,337,-1.37867
328,347,-0.246557
328,350,-1.08318
329,307,-0.512091
329,325,-0.508828
329,329,2.78209
329,344,-1.11856
329,355,-0.642611
330,309,-0.43332
330,310,-0.950313
330,322,-1.45667
330,330,5.58745
330,332,-0.902981
330,334,-0.565562
330,346,-1.27861
331,291,-0.868569
331,318,-1.82493
331,319,-1.03958
331,331,7.14655
331,348,-0.987666
331,352,-1.51375
331,360,-0.912051
332,309,-1.08514
332,313,-0.801093
332,330,-0.902981
332,332,3.55311
332,333,-0.763889
333,313,-1.21477
333,316,-1.32526
333,327,-0.320513
333,332,-0.763889
333,333,4.58224
333,351,-0.957807
334,314,-0.786698
334,322,-1.6418
334,325,-1.05401
334,330,-0.565562
334,334,7.11001
334,344,-0.638562
334,346,-0.788035
334,356,-1.63534
335,323,-1.35376
335,335,4.38806
335,342,-1.37016
335,353,-1.52294
335,370,-0.141192
336,311,-1.80557
336,326,-0.363256
336,328,-1.2335
336,336,7.29909
336,345,-1.46929
336,350,-0.820902
336,354,-1.60657
337,315,-1.61725
337,328,-1.37867
337,337,7.62205
337,338,-1.36111
337,347,-2.20222
337,349,-1.06279
338,315,-0.848153
338,318,-1.45599
338,337,-1.36111
338,338,5.87275
338,348,-1.36765
338,349,-0.839839
339,319,-1.48853
339,320,-1.60547
339,339,7.34374
339,341,-1.42796
339,352,-1.23495
339,363,-1.58682
340,312,-0.652966
340,324,-1.67287
340,326,-1.04459
340,340,7.04806
340,342,-0.914669
340,345,-0.665739
340,359,-1.37345
340,367,-0.723777
341,320,-1.13122
341,321,-1.19435
341,339,-1.42796
341,341,7.20522
341,343,-0.864684
341,358,-1.90785
341,363,-0.679141
342,317,-0.989471
342,323,-0.700927
342,324,-0.92201
342,335,-1.37016
342,340,-0.914669
342,342,7.06521
342,367,-1.22
342,370,-0.947974
343,321,-1.098
343,327,-1.78901
343,341,-0.864684
343,343,7.06583
343,351,-0.943896
343,358,-1.3869
343,365,-0.983342
344,325,-1.87547
344,329,-1.11856
344,334,-0.638562
344,344,7.22165
344,355,-0.771199
344,356,-1.48559
344,364,-1.33227
345,326,-1.88998
345,336,-1.46929
345,340,-0.665739
345,345,7.24029
345,354,-0.895469
345,359,-1.5828
345,366,-0.737018
346,330,-1.27861
346,334,-0.788035
346,346,3.94462
346,356,-0.62705
346,362,-1.25093
347,328,-0.246557
347,337,-2.20222
347,347,7.66097
347,349,-0.713385
347,350,-1.94726
347,357,-1.35666
347,361,-1.19488
348,318,-0.443162
348,331,-0.987666
348,338,-1.36765
348,348,3.99211
348,360,-1.19363
349,337,-1.06279
349,338,-0.839839
349,347,-0.713385
349,349,3.63245
349,357,-1.01643
350,328,-1.08318
350,336,-0.820902
350,347,-1.94726
350,350,7.31619
350,354,-1.76214
350,361,-0.958624
350,368,-0.744081
351,327,-0.871528
351,333,-0.957807
351,343,-0.943896
351,351,3.57206
351,365,-0.798826
352,319,-0.793188
352,331,-1.51375
352,339,-1.23495
352,352,7.2121
352,360,-0.709522
352,363,-1.26014
352,373,-1.70053
353,335,-1.52294
353,353,4.09741
353,370,-1.83803
353,378,-0.736439
354,336,-1.60657
354,345,-0.895469
354,350,-1.76214
354,354,7.48368
354,366,-2.03804
354,368,-1.18146
355,329,-0.642611
355,344,-0.771199
355,355,2.60605
355,364,-1.19224
356,334,-1.63534
356,344,-1.48559
356,346,-0.62705
356,356,7.09852
356,362,-0.786615
356,364,-0.129294
356,371,-1.06648
356,372,-1.36815
357,347,-1.35666
357,349,-1.01643
357,357,4.08161
357,361,-1.02195
357,369,-0.68656
358,341,-1.90785
358,343,-1.3869
358,358,7.35669
358,363,-0.360808
358,365,-0.859464
358,375,-1.79685
358,377,-1.04481
359,340,-1.37345
359,345,-1.5828
359,359,7.37972
359,366,-1.45328
359,367,-1.74481
359,381,-1.22538
360,331,-0.912051
360,348,-1.19363
360,352,-0.709522
360,360,3.74643
360,373,-0.931222
361,347,-1.19488
361,350,-0.958624
361,357,-1.02195
361,361,7.10842
361,368,-1.48815
361,369,-1.50266
361,376,-0.942145
362,346,-1.25093
362,356,-0.786615
362,362,2.76037
362,372,-0.722825
363,339,-1.58682
363,341,-0.679141
363,352,-1.26014
363,358,-0.360808
363,363,7.29815
363,373,-0.55884
363,375,-1.90162
363,386,-0.950773
364,344,-1.33227
364,355,-1.19224
364,356,-0.129294
364,364,4.16113
364,371,-1.50733
365,343,-0.983342
365,351,-0.798826
365,358,-0.859464
365,365,3.77866
365,377,-1.13703
366,345,-0.737018
366,354,-2.03804
366,359,-1.45328
366,366,7.39188
366,368,-0.443081
366,379,-1.80985
366,381,-0.910616
367,340,-0.723777
367,342,-1.22
367,359,-1.74481
367,367,7.27003
367,370,-1.67949
367,381,-0.962823
367,388,-0.939136
368,350,-0.744081
368,354,-1.18146
368,361,-1.48815
368,366,-0.443081
368,368,7.04621
368,376,-1.19897
368,379,-1.54065
368,382,-0.449811
369,357,-0.68656
369,361,-1.50266
369,369,4.47777
369,374,-1.46757
369,376,-0.820973
370,335,-0.141192
370,342,-0.947974
370,353,-1.83803
370,367,-1.67949
370,370,7.21288
370,378,-0.629659
370,388,-0.861927
370,392,-1.11461
371,356,-1.06648
371,364,-1.50733
371,371,3.27466
371,372,-0.700854
372,356,-1.36815
372,362,-0.722825
372,371,-0.700854
372,372,2.79183
373,352,-1.70053
373,360,-0.931222
373,363,-0.55884
373,373,3.6465
373,386,-0.455905
374,369,-1.46757
374,374,4.43788
374,376,-1.28325
374,380,-1.68706
375,358,-1.79685
375,363,-1.90162
375,375,7.83239
375,377,-0.548316
375,383,-2.2173
375,386,-1.36829
376,361,-0.942145
376,368,-1.19897
376,369,-0.820973
376,374,-1.28325
376,376,7.15463
376,380,-0.480691
376,382,-1.6204
376,384,-0.808214
377,358,-1.04481
377,365,-1.13703
377,375,-0.548316
377,377,3.77218
377,383,-1.04203
378,353,-0.736439
378,370,-0.629659
378,378,3.59433
378,392,-1.48687
378,394,-0.741368
379,366,-1.80985
379,368,-1.54065
379,379,7.50179
379,381,-0.978914
379,382,-1.29513
379,387,-1.87725
380,374,-1.68706
380,376,-0.480691
380,380,4.51541
380,384,-1.6123
380,385,-0.735348
381,359,-1.22538
381,366,-0.910616
381,367,-0.962823
381,379,-0.978914
381,381,6.99554
381,387,-0.596968
381,388,-0.859398
381,393,-1.46144
382,368,-0.449811
382,376,-1.6204
382,379,-1.29513
382,382,7.27828
382,384,-1.74058
382,387,-1.08931
382,391,-1.08305
383,375,-2.2173
383,377,-1.04203
383,383,3.18858
383,386,0.070741
384,376,-0.808214
384,380,-1.6123
384,382,-1.74058
384,384,7.28993
384,385,-0.936716
384,389,-1.56639
384,391,-0.625731
385,380,-0.735348
385,384,-0.936716
385,385,3.50114
385,389,-1.20525
385,390,-0.623827
386,363,-0.950773
386,373,-0.455905
386,375,-1.36829
386,383,0.070741
386,386,2.70423
387,379,-1.87725
387,381,-0.596968
387,382,-1.08931
387,387,7.2342
387,391,-1.18981
387,393,-1.27472
387,397,-1.20614
388,367,-0.939136
388,370,-0.861927
388,381,-0.859398
388,388,7.09052
388,392,-1.31815
388,393,-1.75288
388,401,-1.11878
388,402,-0.240249
389,384,-1.56639
389,385,-1.20525
389,389,7.60195
389,390,-1.53455
389,391,-1.94897
389,396,-1.34679
390,385,-0.623827
390,389,-1.53455
390,390,3.57986
390,395,-0.562376
390,396,-0.85911
391,382,-1.08305
391,384,-0.625731
391,387,-1.18981
391,389,-1.94897
391,391,7.21183
391,396,-0.251462
391,397,-0.938722
391,398,-1.17409
392,370,-1.11461
392,378,-1.48687
392,388,-1.31815
392,392,7.02968
392,394,-0.66215
392,400,-1.36841
392,401,-1.07949
393,381,-1.46144
393,387,-1.27472
393,388,-1.75288
393,393,7.50755
393,397,-1.42918
393,402,-1.58933
394,378,-0.741368
394,392,-0.66215
394,394,3.02438
394,400,-1.43416
394,406,-0.186706
395,390,-0.562376
395,395,4.39316
395,396,-2.18372
395,399,-1.64706
396,389,-1.34679
396,390,-0.85911
396,391,-0.251462
396,395,-2.18372
396,396,7.82032
396,398,-2.27376
396,399,-0.246849
396,404,-0.658629
397,387,-1.20614
397,391,-0.938722
397,393,-1.42918
397,397,7.09898
397,398,-1.29017
397,402,-0.884325
397,405,-1.35045
398,391,-1.17409
398,396,-2.27376
398,397,-1.29017
398,398,7.50857
398,404,-1.3599
398,405,-1.41066
399,395,-1.64706
399,396,-0.246849
399,399,4.33844
399,403,-1.35612
399,404,-1.08841
400,392,-1.36841
400,394,-1.43416
400,400,7.31381
400,401,-1.21431
400,406,-1.7392
400,409,-1.55772
401,388,-1.11878
401,392,-1.07949
401,400,-1.21431
401,401,6.99173
401,402,-1.3406
401,407,-1.38102
401,409,-0.857527
