0,0,1.90516
1,0,0.197167
3,0,0.0962962
5,0,-0.811673
9,0,-1.38695
0,1,0.197167
1,1,1.8399
2,1,0.0175175
5,1,-1.18898
8,1,-0.865605
1,2,0.0175175
2,2,2.06998
4,2,-0.650312
8,2,-0.606241
10,2,-0.830949
0,3,0.0962962
3,3,2.33245
6,3,-0.443659
9,3,0.0359227
11,3,-2.02101
2,4,-0.650312
4,4,2.80295
7,4,-0.204495
10,4,-1.06741
17,4,-0.880735
0,5,-0.811673
1,5,-1.18898
5,5,3.35062
8,5,-0.252022
9,5,-1.09795
3,6,-0.443659
6,6,2.98016
11,6,0.483797
12,6,-1.91695
13,6,-0.224415
14,6,-0.878927
4,7,-0.204495
7,7,2.187
16,7,-0.568688
17,7,-1.41382
1,8,-0.865605
2,8,-0.606241
5,8,-0.252022
8,8,2.45196
10,8,-0.728089
0,9,-1.38695
3,9,0.0359227
5,9,-1.09795
9,9,2.91681
11,9,-0.467832
2,10,-0.830949
4,10,-1.06741
8,10,-0.728089
10,10,2.63312
17,10,-0.00666668
3,11,-2.02101
6,11,0.483797
9,11,-0.467832
11,11,2.81951
14,11,-0.814467
6,12,-1.91695
12,12,5.52723
13,12,-3.01084
15,12,-0.599443
6,13,-0.224415
12,13,-3.01084
13,13,8.11067
14,13,0.029303
15,13,-2.4995
18,13,-0.660078
19,13,-1.0682
21,13,-0.67694
6,14,-0.878927
11,14,-0.814467
13,14,0.029303
14,14,2.76399
18,14,-1.0999
12,15,-0.599443
13,15,-2.4995
15,15,6.09018
19,15,-2.26747
20,15,-0.723774
7,16,-0.568688
16,16,2.43111
17,16,0.47213
24,16,-0.783574
25,16,-0.7967
34,16,-0.754276
4,17,-0.880735
7,17,-1.41382
10,17,-0.00666668
16,17,0.47213
17,17,3.55646
25,17,-1.72737
13,18,-0.660078
14,18,-1.0999
18,18,2.13339
21,18,-0.373419
13,19,-1.0682
15,19,-2.26747
19,19,7.55608
20,19,-0.0671695
21,19,-1.24462
22,19,-1.49441
23,19,-1.41421
15,20,-0.723774
19,20,-0.0671695
20,20,2.36362
22,20,-0.669886
27,20,-0.902786
13,21,-0.67694
18,21,-0.373419
19,21,-1.24462
21,21,4.5393
23,21,-1.63624
26,21,-0.608079
19,22,-1.49441
20,22,-0.669886
22,22,5.18781
23,22,-0.862557
27,22,0.0815475
28,22,-0.600623
30,22,-1.64188
19,23,-1.41421
21,23,-1.63624
22,23,-0.862557
23,23,9.8501
26,23,-4.23011
28,23,-1.39275
29,23,-0.314228
16,24,-0.783574
24,24,2.91994
34,24,-0.447563
35,24,-1.68881
16,25,-0.7967
17,25,-1.72737
25,25,3.64705
34,25,-1.12299
21,26,-0.608079
23,26,-4.23011
26,26,6.19411
29,26,-1.35592
20,27,-0.902786
22,27,0.0815475
27,27,2.99722
30,27,-2.68678
31,27,0.510796
22,28,-0.600623
23,28,-1.39275
28,28,3.46878
29,28,0.494228
30,28,0.36207
32,28,-1.23653
33,28,-1.09518
23,29,-0.314228
26,29,-1.35592
28,29,0.494228
29,29,2.19428
32,29,-1.01836
22,30,-1.64188
27,30,-2.68678
28,30,0.36207
30,30,8.94399
31,30,-3.38663
33,30,-1.59077
27,31,0.510796
30,31,-3.38663
31,31,4.96628
33,31,-2.06077
36,31,-0.0296679
28,32,-1.23653
29,32,-1.01836
32,32,3.88657
33,32,-0.255291
37,32,-1.37638
28,33,-1.09518
30,33,-1.59077
31,33,-2.06077
32,33,-0.255291
33,33,10.921
36,33,-3.96454
37,33,-1.02563
38,33,-0.928843
16,34,-0.754276
24,34,-0.447563
25,34,-1.12299
34,34,3.49545
35,34,0.484283
49,34,-1.65491
24,35,-1.68881
34,35,0.484283
35,35,2.69741
49,35,-0.429967
53,35,-1.06292
31,36,-0.0296679
33,36,-3.96454
36,36,9.16864
38,36,-6.69299
40,36,1.51856
32,37,-1.37638
33,37,-1.02563
37,37,5.64708
38,37,-3.76257
39,37,0.517502
33,38,-0.928843
36,38,-6.69299
37,38,-3.76257
38,38,24.868
39,38,-5.24409
40,38,-8.09351
41,38,-0.146038
37,39,0.517502
38,39,-5.24409
39,39,6.48564
41,39,-1.26086
42,39,-0.498195
36,40,1.51856
38,40,-8.09351
40,40,9.70882
41,40,-2.74195
43,40,-0.391911
38,41,-0.146038
39,41,-1.26086
40,41,-2.74195
41,41,16.7777
42,41,-3.2887
43,41,-9.4712
44,41,-1.27514
46,41,1.40617
39,42,-0.498195
41,42,-3.2887
42,42,4.49062
44,42,-0.703718
40,43,-0.391911
41,43,-9.4712
43,43,13.6294
45,43,-0.961624
46,43,-2.80467
41,44,-1.27514
42,44,-0.703718
44,44,15.1723
46,44,-12.1449
47,44,-1.04857
43,45,-0.961624
45,45,10.1042
46,45,-8.13384
48,45,-1.0087
41,46,1.40617
43,46,-2.80467
44,46,-12.1449
45,46,-8.13384
46,46,25.2026
47,46,-2.74443
48,46,-1.72501
51,46,0.944125
44,47,-1.04857
46,47,-2.74443
47,47,6.94072
50,47,-1.42374
51,47,-1.72399
45,48,-1.0087
46,48,-1.72501
48,48,5.72125
51,48,-2.05195
52,48,-0.935601
34,49,-1.65491
35,49,-0.429967
49,49,3.82191
53,49,0.244657
54,49,-1.9817
47,50,-1.42374
50,50,2.04767
51,50,-0.623932
46,51,0.944125
47,51,-1.72399
48,51,-2.05195
50,51,-0.623932
51,51,3.61164
52,51,-0.155898
48,52,-0.935601
51,52,-0.155898
52,52,1.0915
35,53,-1.06292
49,53,0.244657
53,53,2.26059
54,53,0.231982
56,53,-1.35399
57,53,-0.320327
49,54,-1.9817
53,54,0.231982
54,54,3.54487
55,54,-1.21393
56,54,-0.581227
54,55,-1.21393
55,55,2.4868
56,55,-0.120043
61,55,-1.15283
53,56,-1.35399
54,56,-0.581227
55,56,-0.120043
56,56,4.90136
57,56,-1.70364
61,56,-0.101851
72,56,-1.04061
53,57,-0.320327
56,57,-1.70364
57,57,3.25594
71,57,-0.830021
72,57,-0.401947
58,58,2.611
59,58,0.0237544
60,58,-0.454824
63,58,-1.01836
64,58,-1.16156
58,59,0.0237544
59,59,2.20747
62,59,0.115007
63,59,-0.904808
66,59,-1.44142
58,60,-0.454824
60,60,2.54402
64,60,-0.927573
65,60,-1.16162
55,61,-1.15283
56,61,-0.101851
61,61,2.49231
72,61,-0.0105241
74,61,-1.22711
59,62,0.115007
62,62,1.67928
66,62,-0.572045
70,62,-1.22224
58,63,-1.01836
59,63,-0.904808
63,63,3.87466
64,63,0.479194
66,63,-0.526089
69,63,-1.9046
58,64,-1.16156
60,64,-0.927573
63,64,0.479194
64,64,3.75215
65,64,0.151497
68,64,-1.61075
69,64,-0.682948
60,65,-1.16162
64,65,0.151497
65,65,2.40665
67,65,-1.1833
68,65,-0.213218
59,66,-1.44142
62,66,-0.572045
63,66,-0.526089
66,66,4.4121
69,66,0.509024
70,66,0.282422
75,66,-1.20447
77,66,-1.45953
65,67,-1.1833
67,67,1.89546
68,67,0.21209
73,67,-0.924246
64,68,-1.61075
65,68,-0.213218
67,68,0.21209
68,68,4.63609
69,68,-0.636746
73,68,-0.928771
76,68,-1.4587
63,69,-1.9046
64,69,-0.682948
66,69,0.509024
68,69,-0.636746
69,69,5.8611
75,69,-1.6255
76,69,-1.52033
62,70,-1.22224
66,70,0.282422
70,70,2.63564
77,70,-0.583409
78,70,-1.11242
57,71,-0.830021
71,71,2.43292
72,71,-0.42163
89,71,-1.18126
56,72,-1.04061
57,72,-0.401947
61,72,-0.0105241
71,72,-0.42163
72,72,3.53096
74,72,-0.00921419
89,72,-0.00464
96,72,-0.318812
110,72,-1.32358
67,73,-0.924246
68,73,-0.928771
73,73,2.5943
76,73,0.618732
79,73,-1.36002
61,74,-1.22711
72,74,-0.00921419
74,74,2.60222
96,74,-1.3659
66,75,-1.20447
69,75,-1.6255
75,75,4.86045
76,75,0.830197
77,75,-0.522522
80,75,-1.35334
84,75,-0.984817
68,76,-1.4587
69,76,-1.52033
73,76,0.618732
75,76,0.830197
76,76,4.56854
79,76,-1.00304
80,76,-0.898092
82,76,-1.13731
66,77,-1.45953
70,77,-0.583409
75,77,-0.522522
77,77,5.25801
78,77,0.545739
83,77,-1.94238
84,77,-1.13059
92,77,-0.165325
70,78,-1.11242
77,78,0.545739
78,78,1.7294
83,78,-1.16272
73,79,-1.36002
76,79,-1.00304
79,79,2.83646
82,79,-0.473401
75,80,-1.35334
76,80,-0.898092
80,80,3.55957
82,80,0.0824283
84,80,0.219011
93,80,-1.60958
81,81,2.19127
87,81,-0.159787
94,81,-1.43662
105,81,-0.594863
76,82,-1.13731
79,82,-0.473401
80,82,0.0824283
82,82,1.54111
93,82,-0.0128342
77,83,-1.94238
78,83,-1.16272
83,83,5.34837
92,83,-2.24327
75,84,-0.984817
77,84,-1.13059
80,84,0.219011
84,84,3.69153
92,84,0.445635
93,84,-0.275592
100,84,-1.96518
85,85,7.27927
86,85,-6.81363
91,85,-0.64339
97,85,0.177755
85,86,-6.81363
86,86,9.61847
88,86,-0.161267
97,86,-2.64357
81,87,-0.159787
87,87,2.84555
98,87,-1.00039
105,87,-1.68538
86,88,-0.161267
88,88,1.60346
90,88,0.138431
97,88,-0.204169
99,88,-1.37646
71,89,-1.18126
72,89,-0.00464
89,89,2.83358
110,89,-0.395718
116,89,-1.25196
88,90,0.138431
90,90,2.73075
95,90,-1.69364
99,90,-0.449583
103,90,-0.725952
85,91,-0.64339
91,91,1.96969
97,91,0.580967
104,91,-0.931854
109,91,-0.97541
77,92,-0.165325
83,92,-2.24327
84,92,0.445635
92,92,4.7348
100,92,-1.1374
102,92,-1.63444
80,93,-1.60958
82,93,-0.0128342
84,93,-0.275592
93,93,3.59057
100,93,0.0784436
108,93,-0.444313
113,93,-1.32669
81,94,-1.43662
94,94,4.80341
105,94,-1.86558
106,94,-1.50121
90,95,-1.69364
95,95,4.10222
101,95,-0.818594
103,95,-1.58998
72,96,-0.318812
74,96,-1.3659
96,96,3.97073
110,96,-0.857116
123,96,-1.4289
85,97,0.177755
86,97,-2.64357
88,97,-0.204169
91,97,0.580967
97,97,5.47324
99,97,-1.69925
109,97,-1.15154
111,97,-0.533438
87,98,-1.00039
98,98,2.40783
105,98,0.321964
108,98,0.0558399
117,98,-0.720314
119,98,-1.06493
88,99,-1.37646
90,99,-0.449583
97,99,-1.69925
99,99,5.27518
103,99,-0.00413512
111,99,-1.74575
84,100,-1.96518
92,100,-1.1374
93,100,0.0784436
100,100,5.24996
102,100,0.546774
113,100,-1.18143
114,100,-1.59118
95,101,-0.818594
101,101,2.00135
103,101,0.624624
107,101,-0.720237
112,101,-1.08715
92,102,-1.63444
100,102,0.546774
102,102,3.36654
107,102,-1.11557
114,102,-1.1633
90,103,-0.725952
95,103,-1.58998
99,103,-0.00413512
101,103,0.624624
103,103,3.88399
111,103,-0.385034
112,103,-1.80351
91,104,-0.931854
104,104,3.1682
109,104,-1.43306
115,104,-0.803282
81,105,-0.594863
87,105,-1.68538
94,105,-1.86558
98,105,0.321964
105,105,7.70391
106,105,-1.25498
117,105,-1.29974
121,105,-1.32532
94,106,-1.50121
105,106,-1.25498
106,106,4.61413
118,106,-1.40458
121,106,-0.453361
101,107,-0.720237
102,107,-1.11557
107,107,3.09497
112,107,0.393667
114,107,0.279353
120,107,-1.93218
93,108,-0.444313
98,108,0.0558399
108,108,3.29174
113,108,-1.0331
119,108,-0.470321
125,108,-1.39984
91,109,-0.97541
97,109,-1.15154
104,109,-1.43306
109,109,6.41403
111,109,0.418302
115,109,-1.68294
124,109,-1.58939
72,110,-1.32358
89,110,-0.395718
96,110,-0.857116
110,110,5.20673
116,110,-0.719313
123,110,-0.590303
145,110,-1.32069
97,111,-0.533438
99,111,-1.74575
103,111,-0.385034
109,111,0.418302
111,111,4.20607
112,111,0.288124
122,111,-1.51924
124,111,-0.729026
101,112,-1.08715
103,112,-1.80351
107,112,0.393667
111,112,0.288124
112,112,4.46087
120,112,-0.678589
122,112,-1.57341
93,113,-1.32669
100,113,-1.18143
108,113,-1.0331
113,113,5.42811
114,113,0.605606
125,113,-0.877426
127,113,-1.61507
100,114,-1.59118
102,114,-1.1633
107,114,0.279353
113,114,0.605606
114,114,4.18779
120,114,-0.477749
127,114,-0.592053
129,114,-1.24847
104,115,-0.803282
109,115,-1.68294
115,115,4.32612
124,115,-0.379969
126,115,-1.45992
89,116,-1.25196
110,116,-0.719313
116,116,3.41361
137,116,-0.959662
145,116,-0.482679
98,117,-0.720314
105,117,-1.29974
117,117,4.61507
119,117,-1.28126
121,117,0.0814752
134,117,-1.39523
106,118,-1.40458
118,118,4.10569
121,118,-1.6543
128,118,-1.04682
98,119,-1.06493
108,119,-0.470321
117,119,-1.28126
119,119,4.36829
125,119,0.323795
132,119,-1.6874
134,119,-0.188171
107,120,-1.93218
112,120,-0.678589
114,120,-0.477749
120,120,4.97574
122,120,0.571907
129,120,-1.03581
131,120,-1.42332
105,121,-1.32532
106,121,-0.453361
117,121,0.0814752
118,121,-1.6543
121,121,5.62089
128,121,0.00592392
133,121,-1.76714
134,121,0.30354
136,121,-0.81171
111,122,-1.51924
112,122,-1.57341
120,122,0.571907
122,122,4.43685
124,122,0.72256
130,122,-1.81087
131,122,-0.82779
96,123,-1.4289
110,123,-0.590303
123,123,3.75747
140,123,-1.67548
145,123,-0.0627918
109,124,-1.58939
111,124,-0.729026
115,124,-0.379969
122,124,0.72256
124,124,3.98772
126,124,0.201561
130,124,-0.899416
139,124,-1.31405
108,125,-1.39984
113,125,-0.877426
119,125,0.323795
125,125,3.95422
127,125,0.206818
132,125,-0.419929
135,125,-1.78763
115,126,-1.45992
124,126,0.201561
126,126,1.44582
139,126,-0.187459
113,127,-1.61507
114,127,-0.592053
125,127,0.206818
127,127,4.1047
129,127,-0.0320679
135,127,-0.471513
138,127,-1.60082
118,128,-1.04682
121,128,0.00592392
128,128,1.56266
133,128,-0.521764
114,129,-1.24847
120,129,-1.03581
127,129,-0.0320679
129,129,4.55047
131,129,-0.147828
138,129,-0.668632
142,129,-1.41766
122,130,-1.81087
124,130,-0.899416
130,130,4.64074
131,130,0.306179
139,130,0.262739
141,130,-1.78792
144,130,-0.711453
120,131,-1.42332
122,131,-0.82779
129,131,-0.147828
130,131,0.306179
131,131,4.2414
142,131,-0.785743
144,131,-1.3629
119,132,-1.6874
125,132,-0.419929
132,132,2.84272
134,132,0.0560704
135,132,0.231502
143,132,-1.02296
121,133,-1.76714
128,133,-0.521764
133,133,3.47475
136,133,-1.18585
117,134,-1.39523
119,134,-0.188171
121,134,0.30354
132,134,0.0560704
134,134,1.99209
136,134,-0.768301
125,135,-1.78763
127,135,-0.471513
132,135,0.231502
135,135,4.29974
138,135,0.362797
143,135,-0.888719
146,135,-1.74617
121,136,-0.81171
133,136,-1.18585
134,136,-0.768301
136,136,2.76586
116,137,-0.959662
137,137,2.59318
145,137,-0.318947
155,137,-1.31457
127,138,-1.60082
129,138,-0.668632
135,138,0.362797
138,138,4.53235
142,138,-0.366025
146,138,-0.582811
147,138,-1.67686
124,139,-1.31405
126,139,-0.187459
130,139,0.262739
139,139,1.56343
141,139,-0.32466
123,140,-1.67548
140,140,3.06093
145,140,-0.0197863
157,140,-1.36566
130,141,-1.78792
139,141,-0.32466
141,141,1.93856
144,141,0.17402
129,142,-1.41766
131,142,-0.785743
138,142,-0.366025
142,142,5.24587
144,142,-0.322213
147,142,-0.827706
149,142,-1.52652
132,143,-1.02296
135,143,-0.888719
143,143,2.99837
146,143,0.110268
148,143,-1.19696
130,144,-0.711453
131,144,-1.3629
141,144,0.17402
142,144,-0.322213
144,144,3.55978
149,144,-0.701799
152,144,-0.635436
110,145,-1.32069
116,145,-0.482679
123,145,-0.0627918
137,145,-0.318947
140,145,-0.0197863
145,145,3.89258
155,145,0.586116
157,145,0.0516032
170,145,-1.58065
173,145,-0.744756
135,146,-1.74617
138,146,-0.582811
143,146,0.110268
146,146,4.72643
147,146,0.25189
148,146,-0.402598
150,146,-2.35701
138,147,-1.67686
142,147,-0.827706
146,147,0.25189
147,147,5.33916
149,147,-0.756781
150,147,0.336602
156,147,-1.73318
159,147,-0.933122
143,148,-1.19696
146,148,-0.402598
148,148,2.5386
150,148,0.320059
151,148,-1.25909
142,149,-1.52652
144,149,-0.701799
147,149,-0.756781
149,149,5.55656
152,149,-0.587001
159,149,-1.98446
146,150,-2.35701
147,150,0.336602
148,150,0.320059
150,150,4.5177
151,150,-0.394362
156,150,-0.590889
161,150,-1.83211
148,151,-1.25909
150,151,-0.394362
151,151,3.37147
160,151,-1.53175
161,151,-0.186262
144,152,-0.635436
149,152,-0.587001
152,152,3.22207
159,152,0.00324759
167,152,-1.62681
168,152,-0.37607
153,153,1.60967
154,153,0.0145527
158,153,-0.0213257
174,153,-1.60289
153,154,0.0145527
154,154,2.20952
155,154,-0.565111
174,154,-0.488179
182,154,-1.17078
137,155,-1.31457
145,155,0.586116
154,155,-0.565111
155,155,3.99755
173,155,-1.73687
182,155,-0.967118
147,156,-1.73318
150,156,-0.590889
156,156,4.505
159,156,0.504352
161,156,-0.769759
165,156,-1.91552
140,157,-1.36566
145,157,0.0516032
157,157,2.64341
170,157,-0.266658
185,157,-1.0627
153,158,-0.0213257
158,158,2.47096
162,158,-1.03314
174,158,-0.237916
175,158,-1.17858
147,159,-0.933122
149,159,-1.98446
152,159,0.00324759
156,159,0.504352
159,159,5.11537
165,159,-0.616655
167,159,-0.556938
177,159,-1.53179
151,160,-1.53175
160,160,2.67778
161,160,0.457315
164,160,-0.790523
166,160,-0.812819
150,161,-1.83211
151,161,-0.186262
156,161,-0.769759
160,161,0.457315
161,161,4.92477
165,161,0.211096
166,161,-1.29525
169,161,-1.5098
158,162,-1.03314
162,162,2.92916
163,162,0.231416
171,162,-1.23331
175,162,-0.894137
162,163,0.231416
163,163,1.30363
164,163,0.16944
171,163,-0.845542
179,163,-0.858942
160,164,-0.790523
163,164,0.16944
164,164,2.17418
166,164,-0.354357
179,164,-1.19875
156,165,-1.91552
159,165,-0.616655
161,165,0.211096
165,165,7.26341
169,165,-4.15557
177,165,-0.23332
186,165,-0.553436
160,166,-0.812819
161,166,-1.29525
164,166,-0.354357
166,166,4.7861
169,166,-0.921122
179,166,0.14818
183,166,-1.55073
152,167,-1.62681
159,167,-0.556938
167,167,4.25984
168,167,0.119048
177,167,-0.745727
193,167,-1.44941
152,168,-0.37607
167,168,0.119048
168,168,1.79711
191,168,-0.468829
193,168,-1.07126
161,169,-1.5098
165,169,-4.15557
166,169,-0.921122
169,169,9.37413
183,169,-0.890756
186,169,-1.89688
145,170,-1.58065
157,170,-0.266658
170,170,3.61937
173,170,0.345162
185,170,-0.354623
208,170,-0.442434
228,170,-1.32017
162,171,-1.23331
163,171,-0.845542
171,171,3.97992
175,171,0.369493
179,171,-0.641478
189,171,-1.62909
172,172,1.73008
176,172,0.133635
178,172,-0.198644
188,172,-1.66507
145,173,-0.744756
155,173,-1.73687
170,173,0.345162
173,173,3.96927
182,173,0.726205
208,173,-1.63317
209,173,-0.925848
153,174,-1.60289
154,174,-0.488179
158,174,-0.237916
174,174,4.58097
175,174,0.394979
182,174,-0.418694
194,174,-0.525601
200,174,-1.70267
158,175,-1.17858
162,175,-0.894137
171,175,0.369493
174,175,0.394979
175,175,3.50231
189,175,-0.451242
194,175,-1.74283
172,176,0.133635
176,176,1.6806
181,176,0.199787
188,176,-1.36977
197,176,-0.644252
159,177,-1.53179
165,177,-0.23332
167,177,-0.745727
177,177,4.24487
186,177,-0.470888
193,177,0.369098
206,177,-1.63224
172,178,-0.198644
178,178,4.55363
180,178,-3.81446
187,178,0.761283
188,178,0.263207
192,178,-1.56501
163,179,-0.858942
164,179,-1.19875
166,179,0.14818
171,179,-0.641478
179,179,4.06336
183,179,0.0820694
189,179,-0.0407099
199,179,-1.55373
178,180,-3.81446
180,180,6.04271
187,180,-2.22825
176,181,0.199787
181,181,1.52565
197,181,-1.33946
203,181,-0.385982
154,182,-1.17078
155,182,-0.967118
173,182,0.726205
174,182,-0.418694
182,182,4.22584
200,182,0.141241
209,182,-1.33308
218,182,-1.20361
166,183,-1.55073
169,183,-0.890756
179,183,0.0820694
183,183,4.0871
186,183,0.197213
199,183,-0.169758
202,183,-1.75514
184,184,1.74974
190,184,0.0511121
198,184,-0.940803
205,184,-0.860049
157,185,-1.0627
170,185,-0.354623
185,185,3.51167
210,185,-1.086
228,185,-0.356335
249,185,-0.652022
165,186,-0.553436
169,186,-1.89688
177,186,-0.470888
183,186,0.197213
186,186,4.59375
202,186,-0.313764
206,186,-0.0403425
222,186,-1.51565
178,187,0.761283
180,187,-2.22825
187,187,2.58058
192,187,0.119811
196,187,-1.23343
172,188,-1.66507
176,188,-1.36977
178,188,0.263207
188,188,6.02383
192,188,-0.0309672
197,188,-1.00172
201,188,-2.21951
171,189,-1.62909
175,189,-0.451242
179,189,-0.0407099
189,189,3.9135
194,189,0.267507
199,189,-0.477416
214,189,-1.58255
184,190,0.0511121
190,190,1.21995
195,190,0.117925
205,190,-0.234178
215,190,-1.15481
168,191,-0.468829
191,191,1.09171
193,191,-0.0403774
220,191,-0.582505
178,192,-1.56501
187,192,0.119811
188,192,-0.0309672
192,192,3.32256
196,192,0.13882
201,192,-0.378476
204,192,-1.60673
167,193,-1.44941
168,193,-1.07126
177,193,0.369098
191,193,-0.0403774
193,193,4.98398
206,193,-1.29826
220,193,-0.958933
233,193,-0.534838
174,194,-0.525601
175,194,-1.74283
189,194,0.267507
194,194,4.71799
200,194,-0.491676
214,194,-0.325389
216,194,-1.90001
190,195,0.117925
195,195,1.33785
215,195,-0.944216
224,195,-0.511563
187,196,-1.23343
192,196,0.13882
196,196,1.37958
204,196,-0.284976
176,197,-0.644252
181,197,-1.33946
188,197,-1.00172
197,197,5.27104
201,197,0.579006
203,197,0.379311
211,197,-1.53805
217,197,-1.70587
184,198,-0.940803
198,198,4.30721
205,198,-1.5574
207,198,-0.0423759
212,198,-1.76663
179,199,-1.55373
183,199,-0.169758
189,199,-0.477416
199,199,3.79004
202,199,0.346034
214,199,-0.500754
230,199,-1.43442
174,200,-1.70267
182,200,0.141241
194,200,-0.491676
200,200,4.33499
216,200,-0.156262
218,200,-0.483264
231,200,-1.64236
188,201,-2.21951
192,201,-0.378476
197,201,0.579006
201,201,4.28247
204,201,0.615679
211,201,-0.806266
213,201,-0.998243
221,201,-1.07466
183,202,-1.75514
186,202,-0.313764
199,202,0.346034
202,202,3.69065
222,202,-0.690624
230,202,-1.27716
181,203,-0.385982
197,203,0.379311
203,203,0.87124
217,203,-0.47692
236,203,-0.387649
192,204,-1.60673
196,204,-0.284976
201,204,0.615679
204,204,2.09944
213,204,-0.823406
184,205,-0.860049
190,205,-0.234178
198,205,-1.5574
205,205,4.60248
212,205,0.0681574
215,205,-0.00567692
223,205,-2.01334
177,206,-1.63224
186,206,-0.0403425
193,206,-1.29826
206,206,5.32873
222,206,-0.535969
233,206,-0.630716
254,206,-1.1912
198,207,-0.0423759
207,207,1.86923
212,207,-0.414841
219,207,-1.41201
170,208,-0.442434
173,208,-1.63317
208,208,3.96083
209,208,0.429357
228,208,-0.00231739
242,208,-0.254519
253,208,-2.05775
173,209,-0.925848
182,209,-1.33308
208,209,0.429357
209,209,4.68326
218,209,-0.305467
240,209,-0.806469
242,209,-1.74175
185,210,-1.086
210,210,4.17576
238,210,-1.04119
249,210,-2.04858
197,211,-1.53805
201,211,-0.806266
211,211,4.54436
217,211,0.514074
221,211,-0.383991
226,211,-2.33013
198,212,-1.76663
205,212,0.0681574
207,212,-0.414841
212,212,4.10231
219,212,0.600573
223,212,-0.514749
227,212,-2.07482
201,213,-0.998243
204,213,-0.823406
213,213,3.09433
221,213,-0.340448
225,213,-0.932238
189,214,-1.58255
194,214,-0.325389
199,214,-0.500754
214,214,6.10689
216,214,-1.88753
230,214,0.21857
246,214,-0.228492
247,214,-1.80075
190,215,-1.15481
195,215,-0.944216
205,215,-0.00567692
215,215,3.76903
223,215,0.370768
224,215,0.371781
243,215,-1.52929
244,215,-0.877595
194,216,-1.90001
200,216,-0.156262
214,216,-1.88753
216,216,6.21261
231,216,-0.408796
246,216,-1.86002
197,217,-1.70587
203,217,-0.47692
211,217,0.514074
217,217,3.79843
226,217,-0.0675301
236,217,-1.03103
239,217,-1.03115
182,218,-1.20361
200,218,-0.483264
209,218,-0.305467
218,218,4.18094
231,218,0.357254
240,218,-1.41268
252,218,-1.13318
207,219,-1.41201
212,219,0.600573
219,219,2.80762
227,219,-0.803902
229,219,-1.19228
191,220,-0.582505
193,220,-0.958933
220,220,2.72696
233,220,-1.18553
201,221,-1.07466
211,221,-0.383991
213,221,-0.340448
221,221,3.01544
225,221,0.452244
226,221,0.583032
234,221,-1.32507
241,221,-0.926547
186,222,-1.51565
202,222,-0.690624
206,222,-0.535969
222,222,4.96102
230,222,0.102449
254,222,-0.766815
264,222,-1.55442
205,223,-2.01334
212,223,-0.514749
215,223,0.370768
223,223,3.93621
227,223,0.588785
237,223,-1.31981
244,223,-1.04787
195,224,-0.511563
215,224,0.371781
224,224,1.7895
243,224,-0.385648
245,224,-1.26407
213,225,-0.932238
221,225,0.452244
225,225,1.8111
235,225,-0.669652
241,225,-0.661456
211,226,-2.33013
217,226,-0.0675301
221,226,0.583032
226,226,4.53725
234,226,-1.27554
239,226,-1.44708
212,227,-2.07482
219,227,-0.803902
223,227,0.588785
227,227,4.03997
229,227,0.523956
237,227,-1.04208
248,227,-1.23191
170,228,-1.32017
185,228,-0.356335
208,228,-0.00231739
228,228,3.86507
249,228,-0.0317077
253,228,-0.374767
283,228,-0.964821
287,228,-0.81495
219,229,-1.19228
227,229,0.523956
229,229,2.52388
232,229,0.201873
248,229,-1.15893
250,229,-0.898509
199,230,-1.43442
202,230,-1.27716
214,230,0.21857
222,230,0.102449
230,230,4.55429
247,230,-0.22019
264,230,-0.828954
278,230,-1.11459
200,231,-1.64236
216,231,-0.408796
218,231,0.357254
231,231,4.1047
246,231,0.25283
252,231,-0.717936
255,231,-1.94569
229,232,0.201873
232,232,2.41148
235,232,-0.356889
250,232,-2.25647
193,233,-0.534838
206,233,-0.630716
220,233,-1.18553
233,233,2.8375
254,233,-0.486425
221,234,-1.32507
226,234,-1.27554
234,234,4.5313
239,234,0.486895
241,234,0.0373411
251,234,-2.45493
225,235,-0.669652
232,235,-0.356889
235,235,2.35895
241,235,0.284803
250,235,0.163161
257,235,-1.78037
203,236,-0.387649
217,236,-1.03103
236,236,2.05897
239,236,0.329046
256,236,-0.969333
223,237,-1.31981
227,237,-1.04208
237,237,3.5794
244,237,0.363205
248,237,0.121663
261,237,-1.70238
210,238,-1.04119
238,238,2.80861
249,238,0.034081
286,238,-0.76179
291,238,-1.03971
217,239,-1.03115
226,239,-1.44708
234,239,0.486895
236,239,0.329046
239,239,4.14366
251,239,0.125341
256,239,-0.996963
258,239,-1.60975
209,240,-0.806469
218,240,-1.41268
240,240,4.27442
242,240,0.418205
252,240,0.438583
260,240,-1.39932
266,240,-1.51274
221,241,-0.926547
225,241,-0.661456
234,241,0.0373411
235,241,0.284803
241,241,2.73739
251,241,0.324161
257,241,-0.407383
259,241,-1.38831
208,242,-0.254519
209,242,-1.74175
240,242,0.418205
242,242,3.99752
253,242,-0.0584177
266,242,-0.268937
272,242,-2.0921
215,243,-1.52929
224,243,-0.385648
243,243,3.29971
244,243,0.408028
245,243,-0.0124523
265,243,-0.422648
275,243,-1.3577
215,244,-0.877595
223,244,-1.04787
237,244,0.363205
243,244,0.408028
244,244,2.95147
261,244,-0.676503
275,244,-1.12074
224,245,-1.26407
243,245,-0.0124523
245,245,2.45455
265,245,-1.17802
214,246,-0.228492
216,246,-1.86002
231,246,0.25283
246,246,4.34515
247,246,-0.370585
255,246,-0.0266079
269,246,-1.13754
271,246,-0.974737
214,247,-1.80075
230,247,-0.22019
246,247,-0.370585
247,247,4.40579
271,247,-0.969416
278,247,-1.04484
227,248,-1.23191
229,248,-1.15893
237,248,0.121663
248,248,3.90526
250,248,0.580528
261,248,-0.240458
263,248,-1.97616
185,249,-0.652022
210,249,-2.04858
228,249,-0.0317077
238,249,0.034081
249,249,5.61221
283,249,-1.40913
291,249,-1.50485
229,250,-0.898509
232,250,-2.25647
235,250,0.163161
248,250,0.580528
250,250,4.78783
257,250,0.347646
262,250,-2.09089
263,250,-0.633301
234,251,-2.45493
239,251,0.125341
241,251,0.324161
251,251,4.77131
258,251,-1.45491
259,251,-1.31098
218,252,-1.13318
231,252,-0.717936
240,252,0.438583
252,252,3.6416
255,252,0.449786
260,252,-0.526252
268,252,-0.0826513
270,252,-1.46208
273,252,-0.607865
208,253,-2.05775
228,253,-0.374767
242,253,-0.0584177
253,253,5.39905
272,253,0.34092
285,253,-1.99169
287,253,-1.25735
206,254,-1.1912
222,254,-0.766815
233,254,-0.486425
254,254,3.07191
264,254,-0.627467
231,255,-1.94569
246,255,-0.0266079
252,255,0.449786
255,255,4.28474
268,255,-1.94012
269,255,-0.822109
236,256,-0.969333
239,256,-0.996963
256,256,2.55042
258,256,0.682736
267,256,-1.26686
235,257,-1.78037
241,257,-0.407383
250,257,0.347646
257,257,3.32997
259,257,0.410296
262,257,-0.091706
277,257,-1.05245
279,257,-0.756008
239,258,-1.60975
251,258,-1.45491
256,258,0.682736
258,258,4.73922
259,258,0.790402
267,258,-0.64434
274,258,-2.08141
276,258,-0.421949
241,259,-1.38831
251,259,-1.31098
257,259,0.410296
258,259,0.790402
259,259,3.85082
276,259,-1.47424
279,259,-0.877988
240,260,-1.39932
252,260,-0.526252
260,260,4.13863
266,260,-0.266528
273,260,-0.489395
282,260,-1.45713
237,261,-1.70238
244,261,-0.676503
248,261,-0.240458
261,261,2.09444
263,261,0.495711
275,261,0.322981
280,261,-0.293782
250,262,-2.09089
257,262,-0.091706
262,262,4.11777
263,262,0.484686
277,262,-0.867614
281,262,-1.55224
248,263,-1.97616
250,263,-0.633301
261,263,0.495711
262,263,0.484686
263,263,4.58834
280,263,-2.24965
281,263,-0.709624
222,264,-1.55442
230,264,-0.828954
254,264,-0.627467
264,264,2.94435
278,264,0.0664856
243,265,-0.422648
245,265,-1.17802
265,265,1.33742
275,265,0.263246
240,266,-1.51274
242,266,-0.268937
260,266,-0.266528
266,266,4.11903
272,266,0.0348246
282,266,-0.432165
290,266,-1.67349
256,267,-1.26686
258,267,-0.64434
267,267,3.11573
274,267,0.301357
284,267,-1.74408
292,267,0.238194
252,268,-0.0826513
255,268,-1.94012
268,268,2.21655
269,268,0.243222
270,268,-0.437005
246,269,-1.13754
255,269,-0.822109
268,269,0.243222
269,269,2.00842
271,269,-0.292001
252,270,-1.46208
268,270,-0.437005
270,270,5.1092
273,270,-3.21011
246,271,-0.974737
247,271,-0.969416
269,271,-0.292001
271,271,1.96631
278,271,0.269844
242,272,-2.0921
253,272,0.34092
266,272,0.0348246
272,272,4.00178
285,272,-0.370805
290,272,-0.169219
301,272,-1.74541
252,273,-0.607865
260,273,-0.489395
270,273,-3.21011
273,273,5.47668
282,273,-0.391112
289,273,-0.778194
258,274,-2.08141
267,274,0.301357
274,274,3.80297
276,274,0.16611
284,274,-0.950076
288,274,-1.23895
243,275,-1.3577
244,275,-1.12074
261,275,0.322981
265,275,0.263246
275,275,1.89221
258,276,-0.421949
259,276,-1.47424
274,276,0.16611
276,276,3.02533
279,276,0.403534
288,276,-0.856439
295,276,-0.842341
257,277,-1.05245
262,277,-0.867614
277,277,3.44359
279,277,0.250891
281,277,0.157541
294,277,-1.93196
230,278,-1.11459
247,278,-1.04484
264,278,0.0664856
271,278,0.269844
278,278,1.8231
257,279,-0.756008
259,279,-0.877988
276,279,0.403534
277,279,0.250891
279,279,2.66291
294,279,-0.503148
295,279,-1.18019
261,280,-0.293782
263,280,-2.24965
280,280,3.81298
281,280,0.597055
293,280,-1.32776
297,280,-0.538836
262,281,-1.55224
263,281,-0.709624
277,281,0.157541
280,281,0.597055
281,281,4.01703
293,281,-0.952199
294,281,0.314744
296,281,-1.8723
260,282,-1.45713
266,282,-0.432165
273,282,-0.391112
282,282,4.33568
289,282,-0.301746
290,282,-0.0491152
302,282,-1.70441
228,283,-0.964821
249,283,-1.40913
283,283,4.65503
287,283,0.0481211
291,283,0.71104
315,283,-1.53698
318,283,-1.50326
267,284,-1.74408
274,284,-0.950076
284,284,6.19786
288,284,0.0935802
292,284,-1.9231
300,284,-1.67418
253,285,-1.99169
272,285,-0.370805
285,285,4.80872
287,285,0.184377
301,285,-0.4968
311,285,-2.1338
238,286,-0.76179
286,286,2.37032
291,286,0.504693
319,286,-1.46162
320,286,-0.651608
228,287,-0.81495
253,287,-1.25735
283,287,0.0481211
285,287,0.184377
287,287,4.33571
311,287,-0.649754
315,287,-0.711473
328,287,-1.13469
274,288,-1.23895
276,288,-0.856439
284,288,0.0935802
288,288,4.01559
295,288,0.135558
300,288,0.200876
303,288,-2.35022
273,289,-0.778194
282,289,-0.301746
289,289,3.26426
299,289,-1.53736
302,289,-0.646959
266,290,-1.67349
272,290,-0.169219
282,290,-0.0491152
290,290,3.82366
301,290,-0.315726
302,290,-0.0231339
312,290,-1.59298
238,291,-1.03971
249,291,-1.50485
283,291,0.71104
286,291,0.504693
291,291,4.11778
318,291,-0.335963
319,291,-0.96181
331,291,-1.49117
267,292,0.238194
284,292,-1.9231
292,292,4.17802
298,292,-1.14091
300,292,-1.35221
280,293,-1.32776
281,293,-0.952199
293,293,3.90817
296,293,0.149105
297,293,0.230362
305,293,-2.00767
277,294,-1.93196
279,294,-0.503148
281,294,0.314744
294,294,3.69352
295,294,0.443494
296,294,-0.175713
309,294,-1.46143
310,294,-0.379515
276,295,-0.842341
279,295,-1.18019
288,295,0.135558
294,295,0.443494
295,295,3.07439
303,295,0.307936
309,295,-0.633964
313,295,-1.30488
281,296,-1.8723
293,296,0.149105
294,296,-0.175713
296,296,3.83829
305,296,-0.137607
310,296,-1.80177
280,297,-0.538836
293,297,0.230362
297,297,1.92444
304,297,0.00882861
305,297,-0.0447808
314,297,-1.58001
292,298,-1.14091
298,298,2.57273
300,298,0.370769
306,298,-1.19803
316,298,0.283687
327,298,-0.888254
289,299,-1.53736
299,299,3.07394
302,299,0.146473
308,299,-0.433877
317,299,-1.24917
284,300,-1.67418
288,300,0.200876
292,300,-1.35221
298,300,0.370769
300,300,4.4852
303,300,0.0300657
316,300,-2.06053
272,301,-1.74541
285,301,-0.4968
290,301,-0.315726
301,301,5.63428
311,301,-0.264343
312,301,-1.32494
326,301,-1.48707
282,302,-1.70441
289,302,-0.646959
290,302,-0.0231339
299,302,0.146473
302,302,4.32984
312,302,-0.095644
317,302,-0.844667
324,302,-1.16149
288,303,-2.35022
295,303,0.307936
300,303,0.0300657
303,303,4.18015
313,303,-1.27069
316,303,-0.897248
297,304,0.00882861
304,304,1.40629
307,304,0.136395
314,304,-0.217309
325,304,-1.3342
293,305,-2.00767
296,305,-0.137607
297,305,-0.0447808
305,305,3.91005
310,305,0.220208
314,305,-0.123445
322,305,-1.81675
298,306,-1.19803
306,306,3.77534
321,306,-1.32944
327,306,-1.24787
304,307,0.136395
307,307,1.64524
325,307,-1.0729
329,307,-0.708736
299,308,-0.433877
308,308,3.03822
317,308,-2.90945
323,308,0.30511
294,309,-1.46143
295,309,-0.633964
309,309,3.05033
310,309,0.27551
313,309,0.430025
330,309,-0.387234
332,309,-1.27325
294,310,-0.379515
296,310,-1.80177
305,310,0.220208
309,310,0.27551
310,310,3.27871
322,310,-0.276325
330,310,-1.31682
285,311,-2.1338
287,311,-0.649754
301,311,-0.264343
311,311,6.86258
326,311,-0.927784
328,311,-0.769326
336,311,-2.11757
290,312,-1.59298
301,312,-1.32494
302,312,-0.095644
312,312,6.76583
324,312,-1.18737
326,312,-2.07609
340,312,-0.488805
295,313,-1.30488
303,313,-1.27069
309,313,0.430025
313,313,3.47375
316,313,0.590336
332,313,-0.589622
333,313,-1.32891
297,314,-1.58001
304,314,-0.217309
305,314,-0.123445
314,314,3.15163
322,314,0.25346
325,314,-0.0905244
334,314,-1.3938
283,315,-1.53698
287,315,-0.711473
315,315,6.5852
318,315,-1.36609
328,315,-0.498189
337,315,-1.47103
338,315,-1.00144
298,316,0.283687
300,316,-2.06053
303,316,-0.897248
313,316,0.590336
316,316,4.53977
327,316,-0.995432
333,316,-1.46059
299,317,-1.24917
302,317,-0.844667
308,317,-2.90945
317,317,14.9928
323,317,-5.27147
324,317,-4.1726
342,317,-0.545407
283,318,-1.50326
291,318,-0.335963
315,318,-1.36609
318,318,5.31827
331,318,-0.270017
338,318,-0.585558
348,318,-1.25738
286,319,-1.46162
291,319,-0.96181
319,319,5.04425
320,319,-0.424537
331,319,-0.00655868
339,319,-0.950654
352,319,-1.23907
286,320,-0.651608
319,320,-0.424537
320,320,4.18031
321,320,-0.387032
339,320,-1.48099
341,320,-1.23614
306,321,-1.32944
320,321,-0.387032
321,321,3.9574
327,321,0.222934
341,321,-1.15099
343,321,-1.31287
305,322,-1.81675
310,322,-0.276325
314,322,0.25346
322,322,3.7794
330,322,-0.630368
334,322,-1.30942
308,323,0.30511
317,323,-5.27147
323,323,7.08755
335,323,-1.40248
342,323,-0.718711
302,324,-1.16149
312,324,-1.18737
317,324,-4.1726
324,324,9.37314
340,324,-1.41348
342,324,-1.43819
304,325,-1.3342
307,325,-1.0729
314,325,-0.0905244
325,325,4.26879
329,325,0.627228
334,325,-0.130623
344,325,-2.26777
301,326,-1.48707
311,326,-0.927784
312,326,-2.07609
326,326,8.14257
336,326,-0.117914
340,326,-1.84935
345,326,-1.68437
298,327,-0.888254
306,327,-1.24787
316,327,-0.995432
321,327,0.222934
327,327,4.68462
333,327,0.803426
343,327,-1.23401
351,327,-1.34541
287,328,-1.13469
311,328,-0.769326
315,328,-0.498189
328,328,5.25988
336,328,-0.363114
337,328,-0.592551
347,328,-0.583934
350,328,-1.31807
307,329,-0.708736
325,329,0.627228
329,329,1.34784
344,329,-0.353119
355,329,-0.913216
309,330,-0.387234
310,330,-1.31682
322,330,-0.630368
330,330,3.0474
332,330,0.182335
334,330,0.496474
346,330,-1.39178
291,331,-1.49117
318,331,-0.270017
319,331,-0.00655868
331,331,4.19061
348,331,-0.0540698
352,331,-1.16414
360,331,-1.20465
309,332,-1.27325
313,332,-0.589622
330,332,0.182335
332,332,1.46826
333,332,0.212268
313,333,-1.32891
316,333,-1.46059
327,333,0.803426
332,333,0.212268
333,333,2.35836
351,333,-0.584545
314,334,-1.3938
322,334,-1.30942
325,334,-0.130623
330,334,0.496474
334,334,4.28957
344,334,0.402892
346,334,-0.270804
356,334,-2.08428
323,335,-1.40248
335,335,3.18877
342,335,-0.403276
353,335,-0.687571
370,335,-0.695447
311,336,-2.11757
326,336,-0.117914
328,336,-0.363114
336,336,6.41226
345,336,-1.72885
350,336,-0.799422
354,336,-1.28538
315,337,-1.47103
328,337,-0.592551
337,337,4.67288
338,337,0.0139299
347,337,-1.50601
349,337,-1.11722
315,338,-1.00144
318,338,-0.585558
337,338,0.0139299
338,338,2.42822
348,338,-0.0421254
349,338,-0.81303
319,339,-0.950654
320,339,-1.48099
339,339,3.86267
341,339,0.372298
352,339,0.117409
363,339,-1.92073
312,340,-0.488805
324,340,-1.41348
326,340,-1.84935
340,340,7.59658
342,340,-0.624144
345,340,-1.10603
359,340,-1.2149
367,340,-0.899868
320,341,-1.23614
321,341,-1.15099
339,341,0.372298
341,341,3.8657
343,341,0.649182
358,341,-1.85075
363,341,-0.649298
317,342,-0.545407
323,342,-0.718711
324,342,-1.43819
335,342,-0.403276
340,342,-0.624144
342,342,5.72089
367,342,-1.40905
370,342,-0.582121
321,343,-1.31287
327,343,-1.23401
341,343,0.649182
343,343,3.8196
351,343,0.58689
358,343,-1.16377
365,343,-1.34502
325,344,-2.26777
329,344,-0.353119
334,344,0.402892
344,344,4.40017
355,344,0.373882
356,344,-0.709564
364,344,-1.84649
326,345,-1.68437
336,345,-1.72885
340,345,-1.10603
345,345,7.33528
354,345,-0.292215
359,345,-1.31046
366,345,-1.21337
330,346,-1.39178
334,346,-0.270804
346,346,2.85653
356,346,0.231535
362,346,-1.42548
328,347,-0.583934
337,347,-1.50601
347,347,3.56825
349,347,0.691324
350,347,0.316622
357,347,-0.975573
361,347,-1.51067
318,348,-1.25738
331,348,-0.0540698
338,348,-0.0421254
348,348,2.11041
360,348,-0.756835
337,349,-1.11722
338,349,-0.81303
347,349,0.691324
349,349,2.22324
357,349,-0.984314
328,350,-1.31807
336,350,-0.799422
347,350,0.316622
350,350,5.86581
354,350,-2.38269
361,350,-0.803172
368,350,-0.879068
327,351,-1.34541
333,351,-0.584545
343,351,0.58689
351,351,1.82549
365,351,-0.482419
319,352,-1.23907
331,352,-1.16414
339,352,0.117409
352,352,4.99093
360,352,-0.295401
363,352,-0.492446
373,352,-1.91728
335,353,-0.687571
353,353,2.45387
370,353,-0.860168
378,353,-0.906134
336,354,-1.28538
345,354,-0.292215
350,354,-2.38269
354,354,6.49285
366,354,-1.31584
368,354,-1.21672
329,355,-0.913216
344,355,0.373882
355,355,1.09508
364,355,-0.555748
334,356,-2.08428
344,356,-0.709564
346,356,0.231535
356,356,4.4507
362,356,0.172267
364,356,0.832156
371,356,-1.22173
372,356,-1.67108
347,357,-0.975573
349,357,-0.984314
357,357,2.49823
361,357,0.389349
369,357,-0.927696
341,358,-1.85075
343,358,-1.16377
358,358,5.02775
363,358,0.700638
365,358,0.41233
375,358,-1.86425
377,358,-1.26195
340,359,-1.2149
345,359,-1.31046
359,359,4.79817
366,359,0.0631975
367,359,-0.788004
381,359,-1.54801
331,360,-1.20465
348,360,-0.756835
352,360,-0.295401
360,360,3.09391
373,360,-0.837025
347,361,-1.51067
350,361,-0.803172
357,361,0.389349
361,361,12.0846
368,361,-5.15925
369,361,-9.22479
376,361,4.22394
346,362,-1.42548
356,362,0.172267
362,362,1.58709
372,362,-0.333878
339,363,-1.92073
341,363,-0.649298
352,363,-0.492446
358,363,0.700638
363,363,4.35606
373,363,0.418011
375,363,-0.831554
386,363,-1.58068
344,364,-1.84649
355,364,-0.555748
356,364,0.832156
364,364,2.64008
371,364,-1.06999
343,365,-1.34502
351,365,-0.482419
358,365,0.41233
365,365,2.2809
377,365,-0.865791
345,366,-1.21337
354,366,-1.31584
359,366,0.0631975
366,366,4.19925
368,366,0.785387
379,366,-1.82532
381,366,-0.693309
340,367,-0.899868
342,367,-1.40905
359,367,-0.788004
367,367,6.58684
370,367,-1.86351
381,367,-0.347303
388,367,-1.27911
350,368,-0.879068
354,368,-1.21672
361,368,-5.15925
366,368,0.785387
368,368,11.5501
376,368,-2.99359
379,368,-1.24505
382,368,-0.841814
357,369,-0.927696
361,369,-9.22479
369,369,19.3278
374,369,-2.96869
376,369,-6.20659
335,370,-0.695447
342,370,-0.582121
353,370,-0.860168
367,370,-1.86351
370,370,5.57575
378,370,0.389055
388,370,-0.651182
392,370,-1.31238
356,371,-1.22173
364,371,-1.06999
371,371,2.07881
372,371,0.212905
356,372,-1.67108
362,372,-0.333878
371,372,0.212905
372,372,1.79205
352,373,-1.91728
360,373,-0.837025
363,373,0.418011
373,373,2.45953
386,373,-0.123236
369,374,-2.96869
374,374,18.0893
376,374,-14.3528
380,374,-0.7678
358,375,-1.86425
363,375,-0.831554
375,375,4.79127
377,375,0.757639
383,375,-2.08179
386,375,-0.771313
361,376,4.22394
368,376,-2.99359
369,376,-6.20659
374,376,-14.3528
376,376,25.0018
380,376,-4.76095
382,376,-2.20662
384,376,1.29482
358,377,-1.26195
365,377,-0.865791
375,377,0.757639
377,377,2.38875
383,377,-1.01864
353,378,-0.906134
370,378,0.389055
378,378,2.57344
392,378,-1.25722
394,378,-0.799145
366,379,-1.82532
368,379,-1.24505
379,379,7.23927
381,379,-1.63209
382,379,-0.723656
387,379,-1.81315
374,380,-0.7678
376,380,-4.76095
380,380,9.9326
384,380,-4.21253
385,380,-0.19132
359,381,-1.54801
366,381,-0.693309
367,381,-0.347303
379,381,-1.63209
381,381,6.68709
387,381,-0.456508
388,381,-0.196777
393,381,-1.8131
368,382,-0.841814
376,382,-2.20662
379,382,-0.723656
382,382,11.542
384,382,-5.38804
387,382,-1.5797
391,382,-0.802195
375,383,-2.08179
377,383,-1.01864
383,383,2.56612
386,383,0.534316
376,384,1.29482
380,384,-4.21253
382,384,-5.38804
384,384,15.7569
385,384,-5.38424
389,384,-1.51746
391,384,-0.549466
380,385,-0.19132
384,385,-5.38424
385,385,7.3731
389,385,-1.29617
390,385,-0.501366
363,386,-1.58068
373,386,-0.123236
375,386,-0.771313
383,386,0.534316
386,386,1.94091
379,387,-1.81315
381,387,-0.456508
382,387,-1.5797
387,387,8.09631
391,387,-2.45656
393,387,-0.582185
397,387,-1.20821
367,388,-1.27911
370,388,-0.651182
381,388,-0.196777
388,388,4.24155
392,388,0.0586627
393,388,-0.553861
401,388,-1.18926
402,388,-0.430021
384,389,-1.51746
385,389,-1.29617
389,389,8.46579
390,389,-3.23744
391,389,-0.854836
396,389,-1.55988
385,390,-0.501366
389,390,-3.23744
390,390,5.11876
395,390,-0.474609
396,390,-0.905346
382,391,-0.802195
384,391,-0.549466
387,391,-2.45656
389,391,-0.854836
391,391,6.88603
396,391,0.124227
397,391,-1.06015
398,391,-1.28704
370,392,-1.31238
378,392,-1.25722
388,392,0.0586627
392,392,4.48131
394,392,0.422686
400,392,-1.43056
401,392,-0.962507
381,393,-1.8131
387,393,-0.582185
388,393,-0.553861
393,393,5.2693
397,393,-0.732089
402,393,-1.58806
378,394,-0.799145
392,394,0.422686
394,394,1.73132
400,394,-0.866287
406,394,-0.488573
390,395,-0.474609
395,395,2.95484
396,395,-0.787347
399,395,-1.69288
389,396,-1.55988
390,396,-0.905346
391,396,0.124227
395,396,-0.787347
396,396,4.76249
398,396,-0.838267
399,396,0.5563
404,396,-1.35218
387,397,-1.20821
391,397,-1.06015
393,397,-0.732089
397,397,6.32836
398,397,-1.55997
402,397,-0.394002
405,397,-1.37394
391,398,-1.28704
396,398,-0.838267
397,398,-1.55997
398,398,5.99862
404,398,-0.774928
405,398,-1.53841
395,399,-1.69288
396,399,0.5563
399,399,3.07089
403,399,-1.32642
404,399,-0.607889
392,400,-1.43056
394,400,-0.866287
400,400,4.98144
401,400,-0.327578
406,400,-0.614341
409,400,-1.74268
388,401,-1.18926
